# ZSnsr (um)	Defl (nm)
-2.133260299999999887e+00	-1.367960500000000135e+00
-2.132782600000000084e+00	-1.322738699999999934e+00
-2.132302600000000048e+00	-1.311433200000000188e+00
-2.131647099999999906e+00	-1.288822300000000087e+00
-2.130892199999999903e+00	-1.300127800000000056e+00
-2.130155300000000196e+00	-1.311433200000000188e+00
-2.129420199999999763e+00	-1.345349600000000034e+00
-2.128688499999999983e+00	-1.288822300000000087e+00
-2.127971399999999846e+00	-1.334044099999999844e+00
-2.127250399999999875e+00	-1.322738699999999934e+00
-2.126540900000000178e+00	-1.232294900000000082e+00
-2.125789000000000151e+00	-1.266211399999999987e+00
-2.124943400000000260e+00	-1.232294900000000082e+00
-2.124110799999999966e+00	-1.322738699999999934e+00
-2.123379799999999928e+00	-1.345349600000000034e+00
-2.122680799999999923e+00	-1.345349600000000034e+00
-2.121883200000000080e+00	-1.345349600000000034e+00
-2.120938900000000071e+00	-1.356654999999999944e+00
-2.119974599999999931e+00	-1.345349600000000034e+00
-2.119127900000000064e+00	-1.311433200000000188e+00
-2.118333199999999916e+00	-1.288822300000000087e+00
-2.117492200000000047e+00	-1.300127800000000056e+00
-2.116670699999999794e+00	-1.334044099999999844e+00
-2.115898699999999799e+00	-1.288822300000000087e+00
-2.115051100000000073e+00	-1.334044099999999844e+00
-2.114096799999999998e+00	-1.277516799999999897e+00
-2.113208399999999987e+00	-1.277516799999999897e+00
-2.112455799999999773e+00	-1.288822300000000087e+00
-2.111658900000000116e+00	-1.300127800000000056e+00
-2.110706399999999761e+00	-1.356654999999999944e+00
-2.109707600000000127e+00	-1.334044099999999844e+00
-2.108796300000000290e+00	-1.311433200000000188e+00
-2.107976800000000317e+00	-1.356654999999999944e+00
-2.107128700000000077e+00	-1.379265900000000045e+00
-2.106204599999999871e+00	-1.367960500000000135e+00
-2.105293999999999777e+00	-1.367960500000000135e+00
-2.104452699999999954e+00	-1.356654999999999944e+00
-2.103648300000000138e+00	-1.356654999999999944e+00
-2.102797000000000249e+00	-1.345349600000000034e+00
-2.101881600000000017e+00	-1.334044099999999844e+00
-2.100973700000000388e+00	-1.345349600000000034e+00
-2.100034599999999863e+00	-1.334044099999999844e+00
-2.099015099999999912e+00	-1.334044099999999844e+00
-2.098045800000000405e+00	-1.356654999999999944e+00
-2.097181799999999985e+00	-1.334044099999999844e+00
-2.096293700000000371e+00	-1.334044099999999844e+00
-2.095361200000000146e+00	-1.345349600000000034e+00
-2.094489899999999682e+00	-1.345349600000000034e+00
-2.093671399999999849e+00	-1.367960500000000135e+00
-2.092769799999999680e+00	-1.345349600000000034e+00
-2.091730300000000042e+00	-1.322738699999999934e+00
-2.090640499999999680e+00	-1.322738699999999934e+00
-2.089585500000000096e+00	-1.277516799999999897e+00
-2.088600500000000082e+00	-1.288822300000000087e+00
-2.087674100000000088e+00	-1.311433200000000188e+00
-2.086773099999999825e+00	-1.311433200000000188e+00
-2.085883400000000165e+00	-1.322738699999999934e+00
-2.084969999999999768e+00	-1.334044099999999844e+00
-2.084014300000000208e+00	-1.356654999999999944e+00
-2.083064400000000038e+00	-1.266211399999999987e+00
-2.082155600000000106e+00	-1.266211399999999987e+00
-2.081267400000000212e+00	-1.322738699999999934e+00
-2.080367299999999808e+00	-1.288822300000000087e+00
-2.079420700000000011e+00	-1.322738699999999934e+00
-2.078394299999999806e+00	-1.322738699999999934e+00
-2.077314300000000280e+00	-1.367960500000000135e+00
-2.076287300000000169e+00	-1.322738699999999934e+00
-2.075389799999999951e+00	-1.300127800000000056e+00
-2.074548800000000082e+00	-1.277516799999999897e+00
-2.073634500000000269e+00	-1.311433200000000188e+00
-2.072638200000000097e+00	-1.345349600000000034e+00
-2.071662699999999635e+00	-1.356654999999999944e+00
-2.070768000000000164e+00	-1.367960500000000135e+00
-2.069906500000000094e+00	-1.322738699999999934e+00
-2.069004899999999925e+00	-1.300127800000000056e+00
-2.068038399999999832e+00	-1.345349600000000034e+00
-2.067064100000000071e+00	-1.367960500000000135e+00
-2.066154599999999952e+00	-1.300127800000000056e+00
-2.065274000000000054e+00	-1.277516799999999897e+00
-2.064330599999999905e+00	-1.288822300000000087e+00
-2.063314499999999718e+00	-1.300127800000000056e+00
-2.062288600000000027e+00	-1.311433200000000188e+00
-2.061311499999999963e+00	-1.311433200000000188e+00
-2.060392699999999966e+00	-1.345349600000000034e+00
-2.059447299999999981e+00	-1.356654999999999944e+00
-2.058387300000000142e+00	-1.311433200000000188e+00
-2.057278799999999741e+00	-1.266211399999999987e+00
-2.056213099999999905e+00	-1.288822300000000087e+00
-2.055158099999999877e+00	-1.311433200000000188e+00
-2.054130600000000140e+00	-1.300127800000000056e+00
-2.053202900000000053e+00	-1.266211399999999987e+00
-2.052323900000000201e+00	-1.232294900000000082e+00
-2.051372600000000102e+00	-1.322738699999999934e+00
-2.050304800000000149e+00	-1.266211399999999987e+00
-2.049224600000000063e+00	-1.288822300000000087e+00
-2.048277600000000032e+00	-1.334044099999999844e+00
-2.047420400000000029e+00	-1.311433200000000188e+00
-2.046473800000000232e+00	-1.322738699999999934e+00
-2.045409199999999927e+00	-1.266211399999999987e+00
-2.044370099999999635e+00	-1.300127800000000056e+00
-2.043413099999999982e+00	-1.379265900000000045e+00
-2.042473900000000064e+00	-1.356654999999999944e+00
-2.041587300000000216e+00	-1.367960500000000135e+00
-2.040802900000000086e+00	-1.288822300000000087e+00
-2.039954100000000103e+00	-1.277516799999999897e+00
-2.038868399999999692e+00	-1.311433200000000188e+00
-2.037693800000000000e+00	-1.322738699999999934e+00
-2.036676299999999884e+00	-1.345349600000000034e+00
-2.035782199999999875e+00	-1.322738699999999934e+00
-2.034850499999999673e+00	-1.311433200000000188e+00
-2.033856200000000225e+00	-1.266211399999999987e+00
-2.032886600000000321e+00	-1.322738699999999934e+00
-2.032011499999999860e+00	-1.356654999999999944e+00
-2.031102900000000044e+00	-1.379265900000000045e+00
-2.030001699999999687e+00	-1.322738699999999934e+00
-2.028887099999999943e+00	-1.334044099999999844e+00
-2.027965400000000251e+00	-1.322738699999999934e+00
-2.027093600000000162e+00	-1.300127800000000056e+00
-2.026139299999999643e+00	-1.345349600000000034e+00
-2.025175899999999807e+00	-1.367960500000000135e+00
-2.024204399999999904e+00	-1.277516799999999897e+00
-2.023178900000000002e+00	-1.300127800000000056e+00
-2.022190800000000177e+00	-1.334044099999999844e+00
-2.021282199999999918e+00	-1.266211399999999987e+00
-2.020335799999999793e+00	-1.266211399999999987e+00
-2.019250399999999779e+00	-1.288822300000000087e+00
-2.018090500000000009e+00	-1.334044099999999844e+00
-2.017034400000000005e+00	-1.311433200000000188e+00
-2.016127800000000025e+00	-1.311433200000000188e+00
-2.015265600000000212e+00	-1.345349600000000034e+00
-2.014355000000000118e+00	-1.356654999999999944e+00
-2.013341800000000070e+00	-1.390571400000000013e+00
-2.012262900000000077e+00	-1.413182299999999891e+00
-2.011245699999999914e+00	-1.356654999999999944e+00
-2.010304300000000044e+00	-1.379265900000000045e+00
-2.009276800000000307e+00	-1.390571400000000013e+00
-2.008132899999999665e+00	-1.379265900000000045e+00
-2.007057899999999950e+00	-1.311433200000000188e+00
-2.006081299999999956e+00	-1.334044099999999844e+00
-2.005072199999999860e+00	-1.367960500000000135e+00
-2.004061599999999999e+00	-1.334044099999999844e+00
-2.003122999999999987e+00	-1.356654999999999944e+00
-2.002177600000000002e+00	-1.356654999999999944e+00
-2.001180699999999923e+00	-1.334044099999999844e+00
-2.000182300000000080e+00	-1.334044099999999844e+00
-1.999177399999999993e+00	-1.345349600000000034e+00
-1.998145800000000083e+00	-1.334044099999999844e+00
-1.997141500000000125e+00	-1.334044099999999844e+00
-1.996153999999999984e+00	-1.367960500000000135e+00
-1.995076700000000036e+00	-1.379265900000000045e+00
-1.993960999999999872e+00	-1.345349600000000034e+00
-1.992968900000000154e+00	-1.390571400000000013e+00
-1.992088799999999882e+00	-1.379265900000000045e+00
-1.991196999999999884e+00	-1.322738699999999934e+00
-1.990209299999999848e+00	-1.345349600000000034e+00
-1.989128100000000066e+00	-1.345349600000000034e+00
-1.988033799999999962e+00	-1.322738699999999934e+00
-1.986985800000000024e+00	-1.345349600000000034e+00
-1.986028799999999928e+00	-1.334044099999999844e+00
-1.985110000000000152e+00	-1.322738699999999934e+00
-1.984074499999999963e+00	-1.288822300000000087e+00
-1.982979000000000047e+00	-1.322738699999999934e+00
-1.982010600000000178e+00	-1.322738699999999934e+00
-1.981103200000000175e+00	-1.345349600000000034e+00
-1.980060200000000048e+00	-1.356654999999999944e+00
-1.978950399999999998e+00	-1.379265900000000045e+00
-1.977994999999999948e+00	-1.322738699999999934e+00
-1.977127100000000137e+00	-1.311433200000000188e+00
-1.976100999999999885e+00	-1.379265900000000045e+00
-1.974923199999999879e+00	-1.345349600000000034e+00
-1.973801099999999753e+00	-1.266211399999999987e+00
-1.972854499999999955e+00	-1.220989499999999950e+00
-1.971964100000000109e+00	-1.266211399999999987e+00
-1.970944799999999830e+00	-1.254905799999999960e+00
-1.969812700000000083e+00	-1.277516799999999897e+00
-1.968671999999999978e+00	-1.300127800000000056e+00
-1.967598600000000086e+00	-1.288822300000000087e+00
-1.966601999999999961e+00	-1.311433200000000188e+00
-1.965591800000000111e+00	-1.379265900000000045e+00
-1.964553800000000017e+00	-1.300127800000000056e+00
-1.963567200000000179e+00	-1.266211399999999987e+00
-1.962622499999999937e+00	-1.311433200000000188e+00
-1.961632299999999773e+00	-1.334044099999999844e+00
-1.960573200000000016e+00	-1.334044099999999844e+00
-1.959544299999999906e+00	-1.277516799999999897e+00
-1.958634099999999822e+00	-1.277516799999999897e+00
-1.957756000000000274e+00	-1.254905799999999960e+00
-1.956762600000000019e+00	-1.367960500000000135e+00
-1.955672400000000088e+00	-1.288822300000000087e+00
-1.954612999999999934e+00	-1.254905799999999960e+00
-1.953608699999999976e+00	-1.266211399999999987e+00
-1.952603299999999820e+00	-1.266211399999999987e+00
-1.951583999999999985e+00	-1.254905799999999960e+00
-1.950580599999999887e+00	-1.300127800000000056e+00
-1.949635599999999913e+00	-1.311433200000000188e+00
-1.948702399999999946e+00	-1.277516799999999897e+00
-1.947686100000000087e+00	-1.288822300000000087e+00
-1.946653600000000095e+00	-1.288822300000000087e+00
-1.945707300000000028e+00	-1.288822300000000087e+00
-1.944748399999999933e+00	-1.311433200000000188e+00
-1.943622500000000253e+00	-1.277516799999999897e+00
-1.942362999999999840e+00	-1.266211399999999987e+00
-1.941182100000000021e+00	-1.288822300000000087e+00
-1.940201900000000146e+00	-1.300127800000000056e+00
-1.939305999999999974e+00	-1.288822300000000087e+00
-1.938370799999999949e+00	-1.322738699999999934e+00
-1.937438399999999783e+00	-1.266211399999999987e+00
-1.936517900000000125e+00	-1.288822300000000087e+00
-1.935514300000000132e+00	-1.367960500000000135e+00
-1.934408599999999812e+00	-1.322738699999999934e+00
-1.933265799999999812e+00	-1.322738699999999934e+00
-1.932155100000000125e+00	-1.266211399999999987e+00
-1.931140599999999985e+00	-1.277516799999999897e+00
-1.930173799999999940e+00	-1.345349600000000034e+00
-1.929129199999999988e+00	-1.367960500000000135e+00
-1.928039899999999918e+00	-1.345349600000000034e+00
-1.927015299999999876e+00	-1.322738699999999934e+00
-1.926066000000000056e+00	-1.300127800000000056e+00
-1.925148799999999882e+00	-1.277516799999999897e+00
-1.924151800000000190e+00	-1.322738699999999934e+00
-1.923009900000000050e+00	-1.300127800000000056e+00
-1.921849800000000164e+00	-1.311433200000000188e+00
-1.920747799999999783e+00	-1.288822300000000087e+00
-1.919677500000000148e+00	-1.300127800000000056e+00
-1.918696399999999969e+00	-1.311433200000000188e+00
-1.917758300000000027e+00	-1.334044099999999844e+00
-1.916724799999999895e+00	-1.334044099999999844e+00
-1.915653500000000120e+00	-1.277516799999999897e+00
-1.914596900000000046e+00	-1.254905799999999960e+00
-1.913489099999999832e+00	-1.254905799999999960e+00
-1.912435700000000072e+00	-1.277516799999999897e+00
-1.911577999999999777e+00	-1.277516799999999897e+00
-1.910778800000000111e+00	-1.322738699999999934e+00
-1.909824100000000024e+00	-1.322738699999999934e+00
-1.908706999999999931e+00	-1.300127800000000056e+00
-1.907532099999999842e+00	-1.311433200000000188e+00
-1.906382099999999857e+00	-1.300127800000000056e+00
-1.905323399999999889e+00	-1.334044099999999844e+00
-1.904354800000000125e+00	-1.311433200000000188e+00
-1.903410299999999999e+00	-1.288822300000000087e+00
-1.902471000000000023e+00	-1.311433200000000188e+00
-1.901500999999999886e+00	-1.254905799999999960e+00
-1.900392600000000209e+00	-1.254905799999999960e+00
-1.899172599999999989e+00	-1.311433200000000188e+00
-1.898075199999999851e+00	-1.288822300000000087e+00
-1.897193700000000094e+00	-1.243600400000000050e+00
-1.896278300000000083e+00	-1.300127800000000056e+00
-1.895155299999999876e+00	-1.232294900000000082e+00
-1.893993000000000038e+00	-1.277516799999999897e+00
-1.892904300000000095e+00	-1.209683999999999982e+00
-1.891814200000000001e+00	-1.243600400000000050e+00
-1.890753899999999987e+00	-1.243600400000000050e+00
-1.889757399999999921e+00	-1.277516799999999897e+00
-1.888727599999999951e+00	-1.254905799999999960e+00
-1.887671000000000099e+00	-1.300127800000000056e+00
-1.886652600000000124e+00	-1.288822300000000087e+00
-1.885618100000000075e+00	-1.266211399999999987e+00
-1.884558100000000014e+00	-1.266211399999999987e+00
-1.883532299999999937e+00	-1.288822300000000087e+00
-1.882529299999999850e+00	-1.288822300000000087e+00
-1.881520499999999929e+00	-1.322738699999999934e+00
-1.880502700000000083e+00	-1.322738699999999934e+00
-1.879467800000000022e+00	-1.266211399999999987e+00
-1.878364399999999934e+00	-1.254905799999999960e+00
-1.877161799999999880e+00	-1.243600400000000050e+00
-1.875973799999999914e+00	-1.243600400000000050e+00
-1.874915399999999899e+00	-1.243600400000000050e+00
-1.873939600000000150e+00	-1.209683999999999982e+00
-1.872984900000000064e+00	-1.209683999999999982e+00
-1.872039400000000020e+00	-1.198378599999999850e+00
-1.871045500000000139e+00	-1.209683999999999982e+00
-1.870002800000000187e+00	-1.232294900000000082e+00
-1.868951500000000099e+00	-1.300127800000000056e+00
-1.867800499999999975e+00	-1.277516799999999897e+00
-1.866556499999999952e+00	-1.220989499999999950e+00
-1.865451299999999923e+00	-1.277516799999999897e+00
-1.864527900000000127e+00	-1.300127800000000056e+00
-1.863563199999999975e+00	-1.277516799999999897e+00
-1.862484999999999946e+00	-1.345349600000000034e+00
-1.861424799999999991e+00	-1.322738699999999934e+00
-1.860436699999999943e+00	-1.300127800000000056e+00
-1.859440099999999818e+00	-1.322738699999999934e+00
-1.858364800000000150e+00	-1.345349600000000034e+00
-1.857266899999999943e+00	-1.322738699999999934e+00
-1.856268800000000052e+00	-1.243600400000000050e+00
-1.855356999999999923e+00	-1.254905799999999960e+00
-1.854371899999999851e+00	-1.266211399999999987e+00
-1.853248100000000065e+00	-1.254905799999999960e+00
-1.852092999999999989e+00	-1.232294900000000082e+00
-1.850987500000000008e+00	-1.277516799999999897e+00
-1.849918100000000010e+00	-1.311433200000000188e+00
-1.848881800000000020e+00	-1.311433200000000188e+00
-1.847862899999999975e+00	-1.243600400000000050e+00
-1.846853599999999984e+00	-1.266211399999999987e+00
-1.845916099999999949e+00	-1.288822300000000087e+00
-1.845001300000000066e+00	-1.266211399999999987e+00
-1.843914200000000170e+00	-1.300127800000000056e+00
-1.842649800000000004e+00	-1.300127800000000056e+00
-1.841418699999999964e+00	-1.243600400000000050e+00
-1.840342700000000109e+00	-1.243600400000000050e+00
-1.839378100000000016e+00	-1.277516799999999897e+00
-1.838396100000000200e+00	-1.277516799999999897e+00
-1.837328499999999920e+00	-1.232294900000000082e+00
-1.836275300000000055e+00	-1.322738699999999934e+00
-1.835299299999999967e+00	-1.401876799999999923e+00
-1.834335499999999897e+00	-1.356654999999999944e+00
-1.833382199999999962e+00	-1.288822300000000087e+00
-1.832440800000000092e+00	-1.266211399999999987e+00
-1.831441899999999956e+00	-1.266211399999999987e+00
-1.830366699999999902e+00	-1.266211399999999987e+00
-1.829257099999999969e+00	-1.288822300000000087e+00
-1.828196799999999955e+00	-1.232294900000000082e+00
-1.827187800000000140e+00	-1.243600400000000050e+00
-1.826063699999999956e+00	-1.232294900000000082e+00
-1.824780599999999975e+00	-1.266211399999999987e+00
-1.823560500000000140e+00	-1.254905799999999960e+00
-1.822527800000000031e+00	-1.288822300000000087e+00
-1.821545699999999934e+00	-1.232294900000000082e+00
-1.820546500000000067e+00	-1.220989499999999950e+00
-1.819602600000000070e+00	-1.266211399999999987e+00
-1.818630600000000097e+00	-1.220989499999999950e+00
-1.817472100000000035e+00	-1.232294900000000082e+00
-1.816232999999999986e+00	-1.288822300000000087e+00
-1.815167500000000045e+00	-1.322738699999999934e+00
-1.814290999999999876e+00	-1.243600400000000050e+00
-1.813385899999999884e+00	-1.243600400000000050e+00
-1.812327000000000021e+00	-1.288822300000000087e+00
-1.811221599999999876e+00	-1.266211399999999987e+00
-1.810182500000000028e+00	-1.266211399999999987e+00
-1.809113299999999924e+00	-1.243600400000000050e+00
-1.807927099999999898e+00	-1.266211399999999987e+00
-1.806751999999999914e+00	-1.232294900000000082e+00
-1.805716800000000122e+00	-1.209683999999999982e+00
-1.804752499999999982e+00	-1.232294900000000082e+00
-1.803728999999999916e+00	-1.153156800000000093e+00
-1.802690899999999985e+00	-1.175767699999999971e+00
-1.801761100000000004e+00	-1.220989499999999950e+00
-1.800841499999999984e+00	-1.209683999999999982e+00
-1.799730599999999958e+00	-1.198378599999999850e+00
-1.798488899999999946e+00	-1.164462200000000003e+00
-1.797344899999999912e+00	-1.198378599999999850e+00
-1.796346199999999893e+00	-1.243600400000000050e+00
-1.795381899999999975e+00	-1.243600400000000050e+00
-1.794366099999999964e+00	-1.209683999999999982e+00
-1.793253699999999951e+00	-1.266211399999999987e+00
-1.792089499999999891e+00	-1.243600400000000050e+00
-1.791027799999999948e+00	-1.187073100000000103e+00
-1.790143399999999829e+00	-1.198378599999999850e+00
-1.789285500000000084e+00	-1.209683999999999982e+00
-1.788227900000000092e+00	-1.209683999999999982e+00
-1.786952300000000049e+00	-1.243600400000000050e+00
-1.785712600000000094e+00	-1.187073100000000103e+00
-1.784733200000000020e+00	-1.198378599999999850e+00
-1.783885499999999791e+00	-1.164462200000000003e+00
-1.782878600000000091e+00	-1.153156800000000093e+00
-1.781655300000000164e+00	-1.153156800000000093e+00
-1.780357300000000143e+00	-1.096629499999999924e+00
-1.779152999999999984e+00	-1.153156800000000093e+00
-1.778144299999999900e+00	-1.164462200000000003e+00
-1.777237000000000178e+00	-1.130545899999999993e+00
-1.776240400000000053e+00	-1.119240400000000024e+00
-1.775113000000000163e+00	-1.198378599999999850e+00
-1.774023299999999859e+00	-1.153156800000000093e+00
-1.773112400000000033e+00	-1.085324100000000014e+00
-1.772204000000000113e+00	-1.153156800000000093e+00
-1.771098600000000189e+00	-1.209683999999999982e+00
-1.769949899999999854e+00	-1.153156800000000093e+00
-1.768881799999999949e+00	-1.074018499999999987e+00
-1.767744900000000063e+00	-1.130545899999999993e+00
-1.766542700000000021e+00	-1.175767699999999971e+00
-1.765472200000000047e+00	-1.153156800000000093e+00
-1.764493799999999890e+00	-1.175767699999999971e+00
-1.763385200000000097e+00	-1.096629499999999924e+00
-1.762163799999999947e+00	-1.107935000000000114e+00
-1.761077999999999921e+00	-1.119240400000000024e+00
-1.760184000000000193e+00	-1.119240400000000024e+00
-1.759229300000000107e+00	-1.119240400000000024e+00
-1.758048099999999891e+00	-1.062713100000000077e+00
-1.756806499999999938e+00	-1.130545899999999993e+00
-1.755720599999999854e+00	-1.141851299999999902e+00
-1.754758600000000168e+00	-1.096629499999999924e+00
-1.753751999999999978e+00	-1.130545899999999993e+00
-1.752652499999999947e+00	-1.107935000000000114e+00
-1.751545399999999919e+00	-1.141851299999999902e+00
-1.750482300000000047e+00	-1.130545899999999993e+00
-1.749424899999999949e+00	-1.141851299999999902e+00
-1.748318800000000062e+00	-1.096629499999999924e+00
-1.747174299999999958e+00	-1.085324100000000014e+00
-1.746120000000000116e+00	-1.107935000000000114e+00
-1.745221099999999970e+00	-1.164462200000000003e+00
-1.744316699999999942e+00	-1.130545899999999993e+00
-1.743278699999999848e+00	-1.107935000000000114e+00
-1.742125799999999947e+00	-1.062713100000000077e+00
-1.740886900000000015e+00	-1.096629499999999924e+00
-1.739677099999999976e+00	-1.130545899999999993e+00
-1.738620499999999902e+00	-1.164462200000000003e+00
-1.737678199999999951e+00	-1.164462200000000003e+00
-1.736736000000000057e+00	-1.198378599999999850e+00
-1.735672199999999998e+00	-1.187073100000000103e+00
-1.734486399999999984e+00	-1.232294900000000082e+00
-1.733344299999999949e+00	-1.187073100000000103e+00
-1.732285199999999969e+00	-1.209683999999999982e+00
-1.731216300000000041e+00	-1.187073100000000103e+00
-1.730191299999999988e+00	-1.164462200000000003e+00
-1.729299499999999989e+00	-1.130545899999999993e+00
-1.728425099999999937e+00	-1.130545899999999993e+00
-1.727376500000000092e+00	-1.096629499999999924e+00
-1.726114499999999996e+00	-1.107935000000000114e+00
-1.724796700000000182e+00	-1.153156800000000093e+00
-1.723653800000000125e+00	-1.209683999999999982e+00
-1.722720500000000099e+00	-1.187073100000000103e+00
-1.721787600000000085e+00	-1.187073100000000103e+00
-1.720721900000000026e+00	-1.164462200000000003e+00
-1.719630100000000050e+00	-1.153156800000000093e+00
-1.718613599999999852e+00	-1.153156800000000093e+00
-1.717569600000000030e+00	-1.141851299999999902e+00
-1.716390300000000035e+00	-1.119240400000000024e+00
-1.715163999999999911e+00	-1.119240400000000024e+00
-1.714045499999999889e+00	-1.096629499999999924e+00
-1.713055800000000017e+00	-1.119240400000000024e+00
-1.712060000000000137e+00	-1.141851299999999902e+00
-1.710950399999999982e+00	-1.175767699999999971e+00
-1.709743600000000141e+00	-1.175767699999999971e+00
-1.708501000000000047e+00	-1.107935000000000114e+00
-1.707359299999999802e+00	-1.085324100000000014e+00
-1.706437199999999876e+00	-1.107935000000000114e+00
-1.705591799999999880e+00	-1.119240400000000024e+00
-1.704585699999999981e+00	-1.107935000000000114e+00
-1.703436399999999962e+00	-1.164462200000000003e+00
-1.702314600000000011e+00	-1.130545899999999993e+00
-1.701237700000000075e+00	-1.130545899999999993e+00
-1.700134800000000057e+00	-1.141851299999999902e+00
-1.699017800000000022e+00	-1.107935000000000114e+00
-1.697895099999999990e+00	-1.164462200000000003e+00
-1.696770799999999912e+00	-1.153156800000000093e+00
-1.695704899999999959e+00	-1.164462200000000003e+00
-1.694727800000000117e+00	-1.187073100000000103e+00
-1.693786400000000025e+00	-1.220989499999999950e+00
-1.692741999999999969e+00	-1.220989499999999950e+00
-1.691544600000000065e+00	-1.198378599999999850e+00
-1.690341700000000058e+00	-1.198378599999999850e+00
-1.689221799999999885e+00	-1.175767699999999971e+00
-1.688151900000000039e+00	-1.175767699999999971e+00
-1.687105199999999972e+00	-1.153156800000000093e+00
-1.686003999999999836e+00	-1.141851299999999902e+00
-1.684820199999999879e+00	-1.164462200000000003e+00
-1.683659400000000028e+00	-1.198378599999999850e+00
-1.682565800000000111e+00	-1.243600400000000050e+00
-1.681531100000000167e+00	-1.187073100000000103e+00
-1.680577300000000163e+00	-1.175767699999999971e+00
-1.679616499999999846e+00	-1.220989499999999950e+00
-1.678530700000000042e+00	-1.164462200000000003e+00
-1.677344500000000016e+00	-1.164462200000000003e+00
-1.676155999999999979e+00	-1.107935000000000114e+00
-1.675074500000000022e+00	-1.141851299999999902e+00
-1.674115400000000031e+00	-1.130545899999999993e+00
-1.673121499999999928e+00	-1.153156800000000093e+00
-1.672003499999999976e+00	-1.153156800000000093e+00
-1.670825200000000121e+00	-1.153156800000000093e+00
-1.669593600000000011e+00	-1.164462200000000003e+00
-1.668349599999999988e+00	-1.164462200000000003e+00
-1.667263099999999998e+00	-1.096629499999999924e+00
-1.666326299999999927e+00	-1.085324100000000014e+00
-1.665346600000000121e+00	-1.130545899999999993e+00
-1.664297799999999938e+00	-1.107935000000000114e+00
-1.663240700000000016e+00	-1.130545899999999993e+00
-1.662113200000000068e+00	-1.074018499999999987e+00
-1.660894700000000057e+00	-1.107935000000000114e+00
-1.659693199999999980e+00	-1.164462200000000003e+00
-1.658610699999999882e+00	-1.130545899999999993e+00
-1.657628899999999961e+00	-1.153156800000000093e+00
-1.656599099999999991e+00	-1.119240400000000024e+00
-1.655444399999999927e+00	-1.096629499999999924e+00
-1.654263800000000062e+00	-1.119240400000000024e+00
-1.653120499999999993e+00	-1.107935000000000114e+00
-1.651982800000000084e+00	-1.107935000000000114e+00
-1.650897700000000023e+00	-1.141851299999999902e+00
-1.649937100000000045e+00	-1.153156800000000093e+00
-1.649012699999999887e+00	-1.141851299999999902e+00
-1.647993900000000123e+00	-1.153156800000000093e+00
-1.646901599999999855e+00	-1.153156800000000093e+00
-1.645836199999999971e+00	-1.107935000000000114e+00
-1.644810399999999895e+00	-1.141851299999999902e+00
-1.643711800000000167e+00	-1.130545899999999993e+00
-1.642463299999999959e+00	-1.096629499999999924e+00
-1.641204099999999944e+00	-1.107935000000000114e+00
-1.640133600000000191e+00	-1.130545899999999993e+00
-1.639170699999999981e+00	-1.119240400000000024e+00
-1.638073399999999902e+00	-1.085324100000000014e+00
-1.636885600000000052e+00	-1.085324100000000014e+00
-1.635845100000000052e+00	-1.119240400000000024e+00
-1.634915499999999966e+00	-1.085324100000000014e+00
-1.633831299999999986e+00	-1.074018499999999987e+00
-1.632553199999999816e+00	-1.096629499999999924e+00
-1.631342000000000070e+00	-1.085324100000000014e+00
-1.630323799999999990e+00	-1.107935000000000114e+00
-1.629296800000000101e+00	-1.096629499999999924e+00
-1.628136699999999992e+00	-1.085324100000000014e+00
-1.626995500000000039e+00	-1.085324100000000014e+00
-1.625968500000000150e+00	-1.074018499999999987e+00
-1.624971399999999955e+00	-1.107935000000000114e+00
-1.623950800000000028e+00	-1.062713100000000077e+00
-1.622942599999999791e+00	-1.085324100000000014e+00
-1.621959399999999940e+00	-1.107935000000000114e+00
-1.620924000000000031e+00	-1.062713100000000077e+00
-1.619723999999999942e+00	-1.062713100000000077e+00
-1.618414099999999856e+00	-1.074018499999999987e+00
-1.617241899999999788e+00	-1.006185799999999908e+00
-1.616277100000000022e+00	-1.074018499999999987e+00
-1.615294800000000031e+00	-1.062713100000000077e+00
-1.614138199999999967e+00	-9.835748899999999795e-01
-1.612883599999999973e+00	-1.028796700000000008e+00
-1.611697700000000122e+00	-1.062713100000000077e+00
-1.610692500000000082e+00	-1.017491299999999876e+00
-1.609771599999999969e+00	-1.062713100000000077e+00
-1.608699400000000113e+00	-1.062713100000000077e+00
-1.607427299999999892e+00	-1.085324100000000014e+00
-1.606135400000000102e+00	-1.062713100000000077e+00
-1.604961300000000035e+00	-1.040102199999999977e+00
-1.603898000000000046e+00	-1.006185799999999908e+00
-1.602901600000000037e+00	-1.096629499999999924e+00
-1.601931599999999900e+00	-1.119240400000000024e+00
-1.600926599999999977e+00	-1.040102199999999977e+00
-1.599855399999999817e+00	-1.040102199999999977e+00
-1.598733200000000076e+00	-1.074018499999999987e+00
-1.597612599999999938e+00	-1.141851299999999902e+00
-1.596551600000000182e+00	-1.119240400000000024e+00
-1.595517000000000074e+00	-1.062713100000000077e+00
-1.594435599999999953e+00	-1.074018499999999987e+00
-1.593263099999999932e+00	-1.096629499999999924e+00
-1.592016700000000062e+00	-1.040102199999999977e+00
-1.590836099999999975e+00	-1.096629499999999924e+00
-1.589803999999999995e+00	-1.153156800000000093e+00
-1.588798999999999850e+00	-1.141851299999999902e+00
-1.587689799999999929e+00	-1.107935000000000114e+00
-1.586493900000000012e+00	-1.119240400000000024e+00
-1.585329199999999883e+00	-1.153156800000000093e+00
-1.584297300000000019e+00	-1.096629499999999924e+00
-1.583338899999999994e+00	-1.107935000000000114e+00
-1.582286800000000104e+00	-1.119240400000000024e+00
-1.581119000000000163e+00	-1.119240400000000024e+00
-1.579955599999999905e+00	-1.119240400000000024e+00
-1.578876900000000028e+00	-1.107935000000000114e+00
-1.577847000000000000e+00	-1.107935000000000114e+00
-1.576742599999999994e+00	-1.107935000000000114e+00
-1.575565000000000104e+00	-1.130545899999999993e+00
-1.574449900000000069e+00	-1.130545899999999993e+00
-1.573391699999999949e+00	-1.130545899999999993e+00
-1.572296200000000033e+00	-1.119240400000000024e+00
-1.571136199999999983e+00	-1.074018499999999987e+00
-1.569903599999999955e+00	-1.062713100000000077e+00
-1.568646699999999949e+00	-1.040102199999999977e+00
-1.567488900000000074e+00	-1.051407600000000109e+00
-1.566502300000000014e+00	-1.074018499999999987e+00
-1.565595700000000035e+00	-1.119240400000000024e+00
-1.564599099999999909e+00	-1.141851299999999902e+00
-1.563428700000000005e+00	-1.085324100000000014e+00
-1.562159900000000157e+00	-1.119240400000000024e+00
-1.560994400000000004e+00	-1.096629499999999924e+00
-1.559972799999999937e+00	-1.028796700000000008e+00
-1.558906699999999868e+00	-1.051407600000000109e+00
-1.557774300000000167e+00	-1.119240400000000024e+00
-1.556682200000000016e+00	-1.040102199999999977e+00
-1.555570899999999979e+00	-1.107935000000000114e+00
-1.554405299999999990e+00	-1.153156800000000093e+00
-1.553286399999999956e+00	-1.119240400000000024e+00
-1.552257299999999951e+00	-1.130545899999999993e+00
-1.551246799999999926e+00	-1.074018499999999987e+00
-1.550136600000000087e+00	-1.130545899999999993e+00
-1.548882000000000092e+00	-1.040102199999999977e+00
-1.547657599999999967e+00	-1.006185799999999908e+00
-1.546686999999999923e+00	-1.040102199999999977e+00
-1.545818800000000159e+00	-9.948803999999998871e-01
-1.544674499999999950e+00	-1.017491299999999876e+00
-1.543269700000000189e+00	-1.062713100000000077e+00
-1.542014800000000019e+00	-1.085324100000000014e+00
-1.541051500000000019e+00	-1.051407600000000109e+00
-1.540051200000000176e+00	-1.074018499999999987e+00
-1.538823900000000133e+00	-1.062713100000000077e+00
-1.537602300000000088e+00	-1.028796700000000008e+00
-1.536554699999999940e+00	-1.006185799999999908e+00
-1.535515500000000033e+00	-1.085324100000000014e+00
-1.534345899999999929e+00	-1.040102199999999977e+00
-1.533173400000000131e+00	-1.028796700000000008e+00
-1.532167300000000010e+00	-1.006185799999999908e+00
-1.531264599999999865e+00	-1.006185799999999908e+00
-1.530244299999999891e+00	-1.006185799999999908e+00
-1.529107999999999912e+00	-1.028796700000000008e+00
-1.528064599999999995e+00	-1.006185799999999908e+00
-1.527059100000000003e+00	-1.062713100000000077e+00
-1.525835200000000169e+00	-1.107935000000000114e+00
-1.524450899999999942e+00	-1.040102199999999977e+00
-1.523252000000000050e+00	-9.948803999999998871e-01
-1.522349700000000139e+00	-1.017491299999999876e+00
-1.521424099999999946e+00	-9.609639799999999399e-01
-1.520194199999999940e+00	-9.835748899999999795e-01
-1.518871799999999883e+00	-1.040102199999999977e+00
-1.517772699999999864e+00	-9.835748899999999795e-01
-1.516794599999999882e+00	-1.006185799999999908e+00
-1.515732500000000149e+00	-1.006185799999999908e+00
-1.514658399999999849e+00	-1.028796700000000008e+00
-1.513616999999999990e+00	-1.028796700000000008e+00
-1.512479200000000024e+00	-1.006185799999999908e+00
-1.511250699999999947e+00	-1.051407600000000109e+00
-1.510099100000000139e+00	-1.040102199999999977e+00
-1.509059499999999998e+00	-1.017491299999999876e+00
-1.507972899999999949e+00	-9.835748899999999795e-01
-1.506767100000000026e+00	-1.017491299999999876e+00
-1.505560400000000021e+00	-1.051407600000000109e+00
-1.504426099999999877e+00	-1.006185799999999908e+00
-1.503301400000000010e+00	-1.006185799999999908e+00
-1.502082800000000162e+00	-9.835748899999999795e-01
-1.500788999999999929e+00	-9.948803999999998871e-01
-1.499660800000000016e+00	-9.948803999999998871e-01
-1.498790199999999961e+00	-1.028796700000000008e+00
-1.497844699999999918e+00	-1.017491299999999876e+00
-1.496656800000000009e+00	-9.609639799999999399e-01
-1.495546500000000112e+00	-9.496584599999999821e-01
-1.494602900000000067e+00	-9.044366899999999321e-01
-1.493493499999999807e+00	-9.383530599999999611e-01
-1.492165399999999975e+00	-8.705203200000000141e-01
-1.490873700000000079e+00	-8.931312399999999929e-01
-1.489751300000000001e+00	-9.270476100000000219e-01
-1.488812999999999942e+00	-9.383530599999999611e-01
-1.487923300000000060e+00	-9.948803999999998871e-01
-1.486828299999999992e+00	-9.948803999999998871e-01
-1.485501300000000136e+00	-9.835748899999999795e-01
-1.484170500000000059e+00	-9.835748899999999795e-01
-1.482995700000000028e+00	-9.044366899999999321e-01
-1.481945800000000091e+00	-9.383530599999999611e-01
-1.480919099999999933e+00	-9.496584599999999821e-01
-1.479818499999999926e+00	-9.270476100000000219e-01
-1.478611099999999956e+00	-9.270476100000000219e-01
-1.477417500000000050e+00	-9.835748899999999795e-01
-1.476368899999999984e+00	-9.722694899999999585e-01
-1.475366799999999978e+00	-9.383530599999999611e-01
-1.474221999999999921e+00	-1.028796700000000008e+00
-1.472977599999999887e+00	-1.040102199999999977e+00
-1.471822799999999987e+00	-9.948803999999998871e-01
-1.470761800000000008e+00	-9.157421500000000325e-01
-1.469623200000000018e+00	-9.157421500000000325e-01
-1.468366899999999919e+00	-9.722694899999999585e-01
-1.467156600000000033e+00	-9.383530599999999611e-01
-1.466063200000000011e+00	-9.044366899999999321e-01
-1.464965400000000084e+00	-8.931312399999999929e-01
-1.463783700000000021e+00	-9.157421500000000325e-01
-1.462568899999999950e+00	-9.044366899999999321e-01
-1.461399499999999962e+00	-9.157421500000000325e-01
-1.460277600000000175e+00	-9.044366899999999321e-01
-1.459191899999999986e+00	-9.157421500000000325e-01
-1.458178200000000091e+00	-9.609639799999999399e-01
-1.457111000000000045e+00	-9.496584599999999821e-01
-1.455822399999999961e+00	-9.948803999999998871e-01
-1.454527600000000032e+00	-9.383530599999999611e-01
-1.453547399999999934e+00	-9.835748899999999795e-01
-1.452698899999999904e+00	-9.835748899999999795e-01
-1.451595599999999875e+00	-9.383530599999999611e-01
-1.450324100000000005e+00	-8.931312399999999929e-01
-1.449185900000000027e+00	-8.705203200000000141e-01
-1.448160600000000020e+00	-9.044366899999999321e-01
-1.447096799999999961e+00	-9.157421500000000325e-01
-1.445968499999999990e+00	-9.609639799999999399e-01
-1.444822599999999957e+00	-9.948803999999998871e-01
-1.443723400000000101e+00	-9.496584599999999821e-01
-1.442649400000000082e+00	-9.044366899999999321e-01
-1.441477600000000026e+00	-9.383530599999999611e-01
-1.440174300000000018e+00	-9.496584599999999821e-01
-1.438887900000000108e+00	-9.270476100000000219e-01
-1.437750800000000106e+00	-9.383530599999999611e-01
-1.436709699999999978e+00	-9.157421500000000325e-01
-1.435667200000000143e+00	-8.931312399999999929e-01
-1.434606100000000106e+00	-9.157421500000000325e-01
-1.433509699999999887e+00	-8.592148699999999639e-01
-1.432335699999999878e+00	-8.931312399999999929e-01
-1.431094599999999994e+00	-8.931312399999999929e-01
-1.429901800000000112e+00	-9.157421500000000325e-01
-1.428845800000000166e+00	-9.496584599999999821e-01
-1.427837899999999882e+00	-9.157421500000000325e-01
-1.426795500000000105e+00	-8.705203200000000141e-01
-1.425727799999999990e+00	-9.270476100000000219e-01
-1.424580900000000039e+00	-8.592148699999999639e-01
-1.423361399999999888e+00	-8.479094099999999745e-01
-1.422210299999999927e+00	-8.705203200000000141e-01
-1.421167099999999905e+00	-8.931312399999999929e-01
-1.420108900000000007e+00	-9.044366899999999321e-01
-1.418946999999999958e+00	-8.931312399999999929e-01
-1.417726700000000006e+00	-8.592148699999999639e-01
-1.416545299999999896e+00	-8.366039499999999851e-01
-1.415484500000000034e+00	-9.270476100000000219e-01
-1.414516200000000001e+00	-9.383530599999999611e-01
-1.413459800000000044e+00	-8.931312399999999929e-01
-1.412264599999999870e+00	-9.044366899999999321e-01
-1.411082399999999959e+00	-8.705203200000000141e-01
-1.409958700000000009e+00	-9.044366899999999321e-01
-1.408842799999999951e+00	-9.270476100000000219e-01
-1.407716999999999885e+00	-9.496584599999999821e-01
-1.406519000000000075e+00	-9.157421500000000325e-01
-1.405242600000000008e+00	-9.157421500000000325e-01
-1.404039899999999896e+00	-8.818257800000000035e-01
-1.402984399999999798e+00	-9.383530599999999611e-01
-1.401928300000000016e+00	-8.818257800000000035e-01
-1.400740300000000049e+00	-9.157421500000000325e-01
-1.399496999999999991e+00	-8.931312399999999929e-01
-1.398353600000000085e+00	-8.818257800000000035e-01
-1.397327500000000056e+00	-9.383530599999999611e-01
-1.396280900000000047e+00	-8.592148699999999639e-01
-1.395126099999999925e+00	-8.818257800000000035e-01
-1.393914099999999934e+00	-8.931312399999999929e-01
-1.392695400000000028e+00	-8.366039499999999851e-01
-1.391500999999999877e+00	-8.592148699999999639e-01
-1.390346899999999941e+00	-9.383530599999999611e-01
-1.389187199999999844e+00	-9.270476100000000219e-01
-1.388045700000000160e+00	-8.931312399999999929e-01
-1.386981000000000019e+00	-9.383530599999999611e-01
-1.385938699999999857e+00	-9.157421500000000325e-01
-1.384865599999999919e+00	-9.157421500000000325e-01
-1.383710400000000007e+00	-9.722694899999999585e-01
-1.382424800000000120e+00	-9.722694899999999585e-01
-1.381139600000000023e+00	-9.270476100000000219e-01
-1.380029700000000137e+00	-9.157421500000000325e-01
-1.379080500000000153e+00	-8.818257800000000035e-01
-1.378083200000000064e+00	-9.044366899999999321e-01
-1.376885800000000160e+00	-8.931312399999999929e-01
-1.375669600000000159e+00	-8.818257800000000035e-01
-1.374635099999999888e+00	-8.931312399999999929e-01
-1.373600500000000002e+00	-8.705203200000000141e-01
-1.372379499999999863e+00	-9.044366899999999321e-01
-1.371119900000000058e+00	-8.818257800000000035e-01
-1.369949800000000106e+00	-9.270476100000000219e-01
-1.368786999999999976e+00	-9.157421500000000325e-01
-1.367574900000000149e+00	-9.157421500000000325e-01
-1.366376000000000035e+00	-9.044366899999999321e-01
-1.365234100000000117e+00	-9.157421500000000325e-01
-1.364085499999999840e+00	-9.383530599999999611e-01
-1.362914000000000181e+00	-8.931312399999999929e-01
-1.361829799999999979e+00	-9.383530599999999611e-01
-1.360828700000000113e+00	-9.157421500000000325e-01
-1.359740999999999866e+00	-9.722694899999999585e-01
-1.358500000000000041e+00	-9.383530599999999611e-01
-1.357248299999999963e+00	-9.722694899999999585e-01
-1.356121200000000027e+00	-1.006185799999999908e+00
-1.355032600000000143e+00	-9.496584599999999821e-01
-1.353850799999999799e+00	-9.383530599999999611e-01
-1.352600000000000025e+00	-9.270476100000000219e-01
-1.351330300000000095e+00	-9.496584599999999821e-01
-1.350102899999999995e+00	-9.948803999999998871e-01
-1.349029599999999940e+00	-9.948803999999998871e-01
-1.348057800000000084e+00	-9.496584599999999821e-01
-1.347005500000000078e+00	-9.383530599999999611e-01
-1.345831699999999964e+00	-9.609639799999999399e-01
-1.344586499999999907e+00	-9.383530599999999611e-01
-1.343327099999999996e+00	-9.722694899999999585e-01
-1.342160000000000020e+00	-9.722694899999999585e-01
-1.341122200000000042e+00	-9.835748899999999795e-01
-1.340131299999999914e+00	-9.948803999999998871e-01
-1.339064999999999950e+00	-9.609639799999999399e-01
-1.337844699999999998e+00	-9.383530599999999611e-01
-1.336566399999999932e+00	-9.835748899999999795e-01
-1.335408299999999882e+00	-9.383530599999999611e-01
-1.334370199999999951e+00	-9.496584599999999821e-01
-1.333318999999999921e+00	-9.383530599999999611e-01
-1.332218600000000031e+00	-9.609639799999999399e-01
-1.331104999999999983e+00	-9.609639799999999399e-01
-1.329955200000000115e+00	-9.157421500000000325e-01
-1.328781099999999826e+00	-9.383530599999999611e-01
-1.327662600000000026e+00	-9.835748899999999795e-01
-1.326546699999999968e+00	-9.835748899999999795e-01
-1.325362200000000046e+00	-9.835748899999999795e-01
-1.324213800000000107e+00	-9.948803999999998871e-01
-1.323106499999999963e+00	-1.017491299999999876e+00
-1.321935100000000141e+00	-1.017491299999999876e+00
-1.320748200000000150e+00	-1.028796700000000008e+00
-1.319619300000000051e+00	-1.017491299999999876e+00
-1.318545399999999868e+00	-9.948803999999998871e-01
-1.317484199999999994e+00	-9.496584599999999821e-01
-1.316312099999999985e+00	-9.835748899999999795e-01
-1.314980200000000155e+00	-9.722694899999999585e-01
-1.313665199999999977e+00	-9.609639799999999399e-01
-1.312543899999999875e+00	-9.835748899999999795e-01
-1.311516799999999927e+00	-9.383530599999999611e-01
-1.310397500000000104e+00	-9.270476100000000219e-01
-1.309260400000000102e+00	-9.270476100000000219e-01
-1.308224899999999913e+00	-9.496584599999999821e-01
-1.307162200000000052e+00	-9.157421500000000325e-01
-1.305929300000000071e+00	-9.383530599999999611e-01
-1.304583100000000107e+00	-9.609639799999999399e-01
-1.303343200000000035e+00	-9.157421500000000325e-01
-1.302375000000000060e+00	-9.383530599999999611e-01
-1.301475799999999960e+00	-9.609639799999999399e-01
-1.300325299999999906e+00	-9.157421500000000325e-01
-1.299013100000000032e+00	-9.496584599999999821e-01
-1.297810699999999873e+00	-9.270476100000000219e-01
-1.296714799999999945e+00	-9.383530599999999611e-01
-1.295582800000000034e+00	-9.496584599999999821e-01
-1.294363799999999953e+00	-9.496584599999999821e-01
-1.293118199999999884e+00	-9.383530599999999611e-01
-1.291992699999999994e+00	-9.835748899999999795e-01
-1.291004500000000110e+00	-9.270476100000000219e-01
-1.289915900000000004e+00	-9.157421500000000325e-01
-1.288608500000000046e+00	-9.044366899999999321e-01
-1.287301999999999946e+00	-9.044366899999999321e-01
-1.286156899999999936e+00	-9.044366899999999321e-01
-1.285040100000000018e+00	-9.044366899999999321e-01
-1.283833400000000013e+00	-9.157421500000000325e-01
-1.282593099999999930e+00	-9.383530599999999611e-01
-1.281380499999999811e+00	-9.383530599999999611e-01
-1.280238300000000162e+00	-9.609639799999999399e-01
-1.279198199999999952e+00	-1.017491299999999876e+00
-1.278160399999999974e+00	-9.044366899999999321e-01
-1.276991999999999905e+00	-8.931312399999999929e-01
-1.275764600000000026e+00	-8.931312399999999929e-01
-1.274637999999999938e+00	-9.044366899999999321e-01
-1.273576999999999959e+00	-9.609639799999999399e-01
-1.272446500000000036e+00	-9.835748899999999795e-01
-1.271237799999999973e+00	-9.609639799999999399e-01
-1.269983800000000107e+00	-9.609639799999999399e-01
-1.268696899999999905e+00	-9.609639799999999399e-01
-1.267451799999999906e+00	-9.496584599999999821e-01
-1.266269700000000054e+00	-9.496584599999999821e-01
-1.265092600000000012e+00	-9.157421500000000325e-01
-1.263947299999999885e+00	-8.931312399999999929e-01
-1.262845600000000124e+00	-8.931312399999999929e-01
-1.261688300000000096e+00	-9.496584599999999821e-01
-1.260446199999999850e+00	-9.157421500000000325e-01
-1.259236599999999928e+00	-9.383530599999999611e-01
-1.258163900000000002e+00	-9.722694899999999585e-01
-1.257168399999999853e+00	-9.044366899999999321e-01
-1.256094500000000114e+00	-8.931312399999999929e-01
-1.254879199999999972e+00	-8.931312399999999929e-01
-1.253615699999999888e+00	-9.157421500000000325e-01
-1.252414700000000103e+00	-9.496584599999999821e-01
-1.251302899999999996e+00	-9.270476100000000219e-01
-1.250225300000000095e+00	-9.383530599999999611e-01
-1.249064799999999975e+00	-9.383530599999999611e-01
-1.247843000000000035e+00	-9.609639799999999399e-01
-1.246732599999999858e+00	-9.044366899999999321e-01
-1.245695300000000172e+00	-9.044366899999999321e-01
-1.244561899999999888e+00	-9.496584599999999821e-01
-1.243381599999999976e+00	-9.044366899999999321e-01
-1.242227399999999982e+00	-8.705203200000000141e-01
-1.241041899999999920e+00	-9.496584599999999821e-01
-1.239866400000000146e+00	-9.722694899999999585e-01
-1.238759100000000002e+00	-9.609639799999999399e-01
-1.237632199999999960e+00	-9.609639799999999399e-01
-1.236395600000000039e+00	-1.017491299999999876e+00
-1.235039899999999857e+00	-9.383530599999999611e-01
-1.233659199999999956e+00	-9.722694899999999585e-01
-1.232410500000000075e+00	-9.609639799999999399e-01
-1.231307100000000210e+00	-9.609639799999999399e-01
-1.230250999999999983e+00	-9.496584599999999821e-01
-1.229214400000000040e+00	-9.948803999999998871e-01
-1.228169599999999972e+00	-9.270476100000000219e-01
-1.227019500000000152e+00	-9.722694899999999585e-01
-1.225737800000000099e+00	-9.383530599999999611e-01
-1.224448399999999992e+00	-8.931312399999999929e-01
-1.223286099999999932e+00	-9.383530599999999611e-01
-1.222212400000000088e+00	-9.496584599999999821e-01
-1.221087599999999940e+00	-8.818257800000000035e-01
-1.219936400000000143e+00	-9.270476100000000219e-01
-1.218889099999999948e+00	-9.383530599999999611e-01
-1.217866800000000138e+00	-9.383530599999999611e-01
-1.216727700000000079e+00	-8.931312399999999929e-01
-1.215523499999999979e+00	-9.609639799999999399e-01
-1.214272499999999866e+00	-9.609639799999999399e-01
-1.212990400000000024e+00	-9.835748899999999795e-01
-1.211866800000000133e+00	-9.609639799999999399e-01
-1.210894300000000090e+00	-9.609639799999999399e-01
-1.209832400000000030e+00	-9.383530599999999611e-01
-1.208645500000000039e+00	-9.383530599999999611e-01
-1.207415799999999928e+00	-9.383530599999999611e-01
-1.206119999999999859e+00	-9.383530599999999611e-01
-1.204793800000000026e+00	-9.722694899999999585e-01
-1.203548000000000062e+00	-9.835748899999999795e-01
-1.202453599999999900e+00	-1.017491299999999876e+00
-1.201497500000000107e+00	-9.609639799999999399e-01
-1.200474299999999994e+00	-9.948803999999998871e-01
-1.199193799999999976e+00	-1.040102199999999977e+00
-1.197811599999999865e+00	-1.017491299999999876e+00
-1.196590599999999949e+00	-1.006185799999999908e+00
-1.195514600000000094e+00	-9.722694899999999585e-01
-1.194405099999999997e+00	-9.496584599999999821e-01
-1.193229399999999885e+00	-9.270476100000000219e-01
-1.192093900000000151e+00	-9.609639799999999399e-01
-1.191043600000000202e+00	-9.383530599999999611e-01
-1.190029699999999968e+00	-9.948803999999998871e-01
-1.188973000000000058e+00	-9.044366899999999321e-01
-1.187765500000000030e+00	-8.931312399999999929e-01
-1.186390800000000079e+00	-9.609639799999999399e-01
-1.185005399999999876e+00	-9.835748899999999795e-01
-1.183769799999999872e+00	-9.722694899999999585e-01
-1.182732600000000023e+00	-9.835748899999999795e-01
-1.181767699999999977e+00	-9.722694899999999585e-01
-1.180662600000000007e+00	-9.609639799999999399e-01
-1.179407300000000047e+00	-9.722694899999999585e-01
-1.178139499999999895e+00	-9.609639799999999399e-01
-1.176934099999999983e+00	-9.722694899999999585e-01
-1.175797500000000051e+00	-9.496584599999999821e-01
-1.174660999999999955e+00	-9.609639799999999399e-01
-1.173441299999999909e+00	-9.270476100000000219e-01
-1.172167799999999982e+00	-9.609639799999999399e-01
-1.170947799999999983e+00	-9.496584599999999821e-01
-1.169812300000000027e+00	-9.496584599999999821e-01
-1.168687999999999949e+00	-8.818257800000000035e-01
-1.167572199999999949e+00	-8.592148699999999639e-01
-1.166493800000000025e+00	-8.818257800000000035e-01
-1.165354000000000001e+00	-8.931312399999999929e-01
-1.164125800000000099e+00	-9.496584599999999821e-01
-1.162902099999999939e+00	-9.496584599999999821e-01
-1.161681100000000022e+00	-9.496584599999999821e-01
-1.160466899999999857e+00	-9.835748899999999795e-01
-1.159327200000000113e+00	-9.044366899999999321e-01
-1.158222100000000143e+00	-8.705203200000000141e-01
-1.157063100000000011e+00	-8.479094099999999745e-01
-1.155832599999999877e+00	-9.157421500000000325e-01
-1.154562100000000147e+00	-9.270476100000000219e-01
-1.153327500000000061e+00	-9.270476100000000219e-01
-1.152140600000000070e+00	-9.157421500000000325e-01
-1.150887800000000016e+00	-8.931312399999999929e-01
-1.149590200000000006e+00	-9.270476100000000219e-01
-1.148454700000000051e+00	-9.157421500000000325e-01
-1.147459599999999913e+00	-9.383530599999999611e-01
-1.146352000000000038e+00	-9.496584599999999821e-01
-1.145104200000000017e+00	-9.383530599999999611e-01
-1.143882100000000124e+00	-9.496584599999999821e-01
-1.142725900000000072e+00	-9.383530599999999611e-01
-1.141598399999999902e+00	-9.157421500000000325e-01
-1.140473199999999965e+00	-8.592148699999999639e-01
-1.139281500000000058e+00	-9.044366899999999321e-01
-1.138019000000000114e+00	-9.496584599999999821e-01
-1.136774799999999974e+00	-9.157421500000000325e-01
-1.135576399999999930e+00	-9.496584599999999821e-01
-1.134390000000000009e+00	-9.270476100000000219e-01
-1.133215099999999920e+00	-9.496584599999999821e-01
-1.132044100000000109e+00	-9.609639799999999399e-01
-1.130817399999999973e+00	-9.948803999999998871e-01
-1.129542600000000174e+00	-9.496584599999999821e-01
-1.128349999999999964e+00	-9.948803999999998871e-01
-1.127288299999999799e+00	-9.722694899999999585e-01
-1.126202799999999948e+00	-9.496584599999999821e-01
-1.124992499999999840e+00	-9.044366899999999321e-01
-1.123764900000000067e+00	-8.931312399999999929e-01
-1.122637099999999943e+00	-9.044366899999999321e-01
-1.121583999999999914e+00	-9.722694899999999585e-01
-1.120479500000000073e+00	-8.818257800000000035e-01
-1.119289800000000001e+00	-8.139930399999999455e-01
-1.118146399999999874e+00	-8.818257800000000035e-01
-1.117069700000000054e+00	-8.818257800000000035e-01
-1.115866999999999942e+00	-8.592148699999999639e-01
-1.114488799999999946e+00	-8.931312399999999929e-01
-1.113178900000000082e+00	-9.044366899999999321e-01
-1.112050399999999994e+00	-9.496584599999999821e-01
-1.110926400000000092e+00	-9.722694899999999585e-01
-1.109730899999999965e+00	-8.705203200000000141e-01
-1.108548599999999995e+00	-8.139930399999999455e-01
-1.107393200000000189e+00	-9.044366899999999321e-01
-1.106245900000000004e+00	-9.609639799999999399e-01
-1.105110899999999896e+00	-9.609639799999999399e-01
-1.103933099999999889e+00	-9.044366899999999321e-01
-1.102699000000000096e+00	-9.270476100000000219e-01
-1.101529800000000003e+00	-9.270476100000000219e-01
-1.100437799999999910e+00	-8.705203200000000141e-01
-1.099251200000000095e+00	-9.157421500000000325e-01
-1.097931100000000049e+00	-9.270476100000000219e-01
-1.096675099999999903e+00	-8.931312399999999929e-01
-1.095602200000000082e+00	-9.270476100000000219e-01
-1.094517900000000044e+00	-9.044366899999999321e-01
-1.093213699999999955e+00	-9.044366899999999321e-01
-1.091882000000000019e+00	-9.948803999999998871e-01
-1.090811000000000197e+00	-9.722694899999999585e-01
-1.089834100000000028e+00	-8.818257800000000035e-01
-1.088697299999999979e+00	-9.044366899999999321e-01
-1.087520000000000042e+00	-8.705203200000000141e-01
-1.086350699999999891e+00	-8.592148699999999639e-01
-1.085028499999999951e+00	-9.270476100000000219e-01
-1.083621300000000121e+00	-9.270476100000000219e-01
-1.082322999999999924e+00	-9.270476100000000219e-01
-1.081165900000000013e+00	-9.609639799999999399e-01
-1.080065700000000017e+00	-9.383530599999999611e-01
-1.078916099999999823e+00	-9.496584599999999821e-01
-1.077708400000000122e+00	-8.818257800000000035e-01
-1.076496799999999920e+00	-8.705203200000000141e-01
-1.075260799999999906e+00	-8.705203200000000141e-01
-1.074008300000000027e+00	-9.270476100000000219e-01
-1.072837400000000052e+00	-8.818257800000000035e-01
-1.071753399999999967e+00	-8.931312399999999929e-01
-1.070603199999999866e+00	-9.383530599999999611e-01
-1.069331199999999926e+00	-9.948803999999998871e-01
-1.068121300000000051e+00	-9.157421500000000325e-01
-1.067081300000000121e+00	-8.818257800000000035e-01
-1.066041699999999981e+00	-9.044366899999999321e-01
-1.064835599999999882e+00	-8.931312399999999929e-01
-1.063528000000000029e+00	-8.818257800000000035e-01
-1.062268599999999896e+00	-8.818257800000000035e-01
-1.061094999999999899e+00	-9.157421500000000325e-01
-1.059928999999999899e+00	-9.157421500000000325e-01
-1.058691999999999966e+00	-9.383530599999999611e-01
-1.057432200000000044e+00	-9.609639799999999399e-01
-1.056263699999999917e+00	-9.157421500000000325e-01
-1.055143300000000117e+00	-8.931312399999999929e-01
-1.053976500000000094e+00	-8.366039499999999851e-01
-1.052822700000000111e+00	-8.705203200000000141e-01
-1.051698299999999975e+00	-8.931312399999999929e-01
-1.050526499999999919e+00	-9.270476100000000219e-01
-1.049300599999999806e+00	-8.931312399999999929e-01
-1.048011699999999990e+00	-8.931312399999999929e-01
-1.046710500000000099e+00	-8.818257800000000035e-01
-1.045535299999999834e+00	-8.592148699999999639e-01
-1.044468000000000174e+00	-8.592148699999999639e-01
-1.043390599999999946e+00	-8.252984999999999349e-01
-1.042216900000000113e+00	-8.366039499999999851e-01
-1.040874599999999983e+00	-7.800766099999999481e-01
-1.039503899999999925e+00	-8.705203200000000141e-01
-1.038346700000000178e+00	-9.270476100000000219e-01
-1.037341800000000092e+00	-9.044366899999999321e-01
-1.036267499999999897e+00	-8.931312399999999929e-01
-1.035027100000000200e+00	-9.044366899999999321e-01
-1.033664799999999939e+00	-9.044366899999999321e-01
-1.032367999999999952e+00	-8.479094099999999745e-01
-1.031272700000000153e+00	-8.818257800000000035e-01
-1.030236900000000011e+00	-8.818257800000000035e-01
-1.029059900000000027e+00	-8.479094099999999745e-01
-1.027765700000000004e+00	-8.139930399999999455e-01
-1.026486500000000079e+00	-8.818257800000000035e-01
-1.025244599999999950e+00	-8.366039499999999851e-01
-1.023967900000000153e+00	-8.252984999999999349e-01
-1.022659399999999996e+00	-8.366039499999999851e-01
-1.021434099999999789e+00	-8.931312399999999929e-01
-1.020363499999999979e+00	-8.252984999999999349e-01
-1.019345400000000179e+00	-8.139930399999999455e-01
-1.018210699999999802e+00	-8.366039499999999851e-01
-1.016972199999999882e+00	-8.479094099999999745e-01
-1.015768400000000016e+00	-8.026875300000000379e-01
-1.014631900000000142e+00	-8.139930399999999455e-01
-1.013554800000000089e+00	-7.800766099999999481e-01
-1.012540599999999902e+00	-8.026875300000000379e-01
-1.011459400000000119e+00	-8.818257800000000035e-01
-1.010162800000000027e+00	-8.705203200000000141e-01
-1.008768100000000167e+00	-8.705203200000000141e-01
-1.007535599999999976e+00	-8.705203200000000141e-01
-1.006482100000000157e+00	-8.139930399999999455e-01
-1.005377699999999930e+00	-8.026875300000000379e-01
-1.004139799999999916e+00	-8.139930399999999455e-01
-1.002933999999999992e+00	-8.366039499999999851e-01
-1.001825900000000047e+00	-8.252984999999999349e-01
-1.000652800000000120e+00	-7.687711600000000089e-01
-9.993432300000000268e-01	-7.913820700000000485e-01
-9.980708499999999539e-01	-8.139930399999999455e-01
-9.969137399999999927e-01	-8.026875300000000379e-01
-9.957045699999999000e-01	-7.687711600000000089e-01
-9.943965999999998528e-01	-8.139930399999999455e-01
-9.931258100000001088e-01	-8.592148699999999639e-01
-9.919101599999999852e-01	-8.026875300000000379e-01
-9.906785899999999145e-01	-7.913820700000000485e-01
-9.894625900000000307e-01	-7.574657000000000195e-01
-9.883414099999999758e-01	-7.574657000000000195e-01
-9.872530899999999443e-01	-8.026875300000000379e-01
-9.860589200000000609e-01	-8.026875300000000379e-01
-9.847709599999999730e-01	-8.026875300000000379e-01
-9.834878900000001423e-01	-8.252984999999999349e-01
-9.822834999999999761e-01	-8.139930399999999455e-01
-9.812084699999999993e-01	-8.026875300000000379e-01
-9.801822199999999929e-01	-7.800766099999999481e-01
-9.790551299999999957e-01	-7.687711600000000089e-01
-9.778060499999998711e-01	-7.913820700000000485e-01
-9.764919499999998864e-01	-7.800766099999999481e-01
-9.751755700000001026e-01	-8.026875300000000379e-01
-9.738980700000000601e-01	-7.122438700000000011e-01
-9.726339800000000091e-01	-7.348547900000000910e-01
-9.713895700000000355e-01	-8.026875300000000379e-01
-9.702331499999999886e-01	-7.461602399999999191e-01
-9.691683499999999007e-01	-7.348547900000000910e-01
-9.680727499999999264e-01	-7.348547900000000910e-01
-9.668358400000000019e-01	-7.348547900000000910e-01
-9.655346999999999680e-01	-7.800766099999999481e-01
-9.642932400000000515e-01	-7.687711600000000089e-01
-9.630914500000000711e-01	-7.461602399999999191e-01
-9.618627199999999489e-01	-7.348547900000000910e-01
-9.606452500000000061e-01	-8.026875300000000379e-01
-9.595192999999999639e-01	-8.026875300000000379e-01
-9.584173299999999562e-01	-7.574657000000000195e-01
-9.571845100000000439e-01	-7.800766099999999481e-01
-9.558294800000000091e-01	-7.913820700000000485e-01
-9.545142300000001301e-01	-7.800766099999999481e-01
-9.533392800000000111e-01	-7.800766099999999481e-01
-9.522433399999999937e-01	-7.574657000000000195e-01
-9.510926000000000657e-01	-7.461602399999999191e-01
-9.498433000000000570e-01	-7.348547900000000910e-01
-9.485736399999999957e-01	-7.348547900000000910e-01
-9.473751599999999939e-01	-7.348547900000000910e-01
-9.462628400000000495e-01	-7.800766099999999481e-01
-9.451255199999999412e-01	-7.687711600000000089e-01
-9.438275600000000098e-01	-7.461602399999999191e-01
-9.424483099999999558e-01	-7.800766099999999481e-01
-9.412074200000000168e-01	-7.235493299999999905e-01
-9.401057900000000522e-01	-7.800766099999999481e-01
-9.389506200000000691e-01	-8.139930399999999455e-01
-9.377200700000000166e-01	-7.574657000000000195e-01
-9.365529599999999899e-01	-7.687711600000000089e-01
-9.354658900000000221e-01	-7.800766099999999481e-01
-9.343225400000000347e-01	-7.800766099999999481e-01
-9.330254900000000129e-01	-7.800766099999999481e-01
-9.317246799999999718e-01	-7.800766099999999481e-01
-9.306420499999999985e-01	-7.800766099999999481e-01
-9.296290999999999860e-01	-8.252984999999999349e-01
-9.283696699999999247e-01	-7.913820700000000485e-01
-9.269309700000000207e-01	-8.026875300000000379e-01
-9.256153799999999876e-01	-8.592148699999999639e-01
-9.245120500000000296e-01	-7.913820700000000485e-01
-9.234521500000000271e-01	-7.235493299999999905e-01
-9.222294500000000061e-01	-8.026875300000000379e-01
-9.208608799999999928e-01	-7.574657000000000195e-01
-9.195673600000000558e-01	-7.461602399999999191e-01
-9.184284400000000126e-01	-7.122438700000000011e-01
-9.172855500000000051e-01	-6.557165900000000436e-01
-9.160535199999999545e-01	-6.783275100000000224e-01
-9.148351399999999911e-01	-7.461602399999999191e-01
-9.136289199999999555e-01	-7.122438700000000011e-01
-9.123102699999999787e-01	-7.122438700000000011e-01
-9.109895700000000263e-01	-7.574657000000000195e-01
-9.099109100000000172e-01	-7.348547900000000910e-01
-9.089784499999999934e-01	-7.122438700000000011e-01
-9.078540900000000580e-01	-7.461602399999999191e-01
-9.064915499999999238e-01	-7.348547900000000910e-01
-9.051524299999998968e-01	-7.687711600000000089e-01
-9.039505399999999691e-01	-7.800766099999999481e-01
-9.027860400000000674e-01	-8.139930399999999455e-01
-9.016034699999999624e-01	-8.252984999999999349e-01
-9.003928199999999826e-01	-8.366039499999999851e-01
-8.991249799999999626e-01	-8.366039499999999851e-01
-8.978084899999999591e-01	-8.252984999999999349e-01
-8.965295100000000295e-01	-8.592148699999999639e-01
-8.954034499999999897e-01	-7.913820700000000485e-01
-8.943752600000000053e-01	-7.913820700000000485e-01
-8.932537400000000183e-01	-8.139930399999999455e-01
-8.920399100000000470e-01	-8.026875300000000379e-01
-8.908622199999999269e-01	-8.026875300000000379e-01
-8.896692000000000489e-01	-7.800766099999999481e-01
-8.883421299999999521e-01	-8.026875300000000379e-01
-8.869982400000000489e-01	-7.800766099999999481e-01
-8.858090699999999762e-01	-7.800766099999999481e-01
-8.846676599999999668e-01	-7.800766099999999481e-01
-8.834564399999998985e-01	-7.800766099999999481e-01
-8.822775000000000478e-01	-7.913820700000000485e-01
-8.811360899999999274e-01	-8.026875300000000379e-01
-8.798704099999999917e-01	-7.913820700000000485e-01
-8.784710399999999808e-01	-7.348547900000000910e-01
-8.771181700000000303e-01	-7.235493299999999905e-01
-8.759193400000000462e-01	-7.574657000000000195e-01
-8.748053199999999974e-01	-7.574657000000000195e-01
-8.736736800000000081e-01	-7.687711600000000089e-01
-8.725005500000000414e-01	-7.800766099999999481e-01
-8.712726200000000532e-01	-7.574657000000000195e-01
-8.699888700000000252e-01	-7.122438700000000011e-01
-8.687494499999999231e-01	-7.122438700000000011e-01
-8.676335000000000575e-01	-7.122438700000000011e-01
-8.665508600000000339e-01	-7.913820700000000485e-01
-8.653685199999999744e-01	-8.139930399999999455e-01
-8.640719199999999933e-01	-7.009384199999999510e-01
-8.627498600000000906e-01	-7.913820700000000485e-01
-8.615248799999999374e-01	-7.800766099999999481e-01
-8.604213200000000450e-01	-7.235493299999999905e-01
-8.592615999999999588e-01	-8.252984999999999349e-01
-8.579079300000000963e-01	-7.461602399999999191e-01
-8.564908299999999253e-01	-7.461602399999999191e-01
-8.552001399999999975e-01	-8.252984999999999349e-01
-8.540589499999999834e-01	-7.913820700000000485e-01
-8.529472099999999557e-01	-7.348547900000000910e-01
-8.517535000000000522e-01	-8.252984999999999349e-01
-8.505006700000000697e-01	-8.139930399999999455e-01
-8.492633000000000543e-01	-7.800766099999999481e-01
-8.480599300000000174e-01	-7.800766099999999481e-01
-8.468721300000000562e-01	-7.913820700000000485e-01
-8.456519300000000516e-01	-7.913820700000000485e-01
-8.443590800000000396e-01	-7.687711600000000089e-01
-8.430507699999999494e-01	-7.800766099999999481e-01
-8.418078299999999237e-01	-7.913820700000000485e-01
-8.405853599999999481e-01	-8.026875300000000379e-01
-8.393024000000000040e-01	-8.139930399999999455e-01
-8.380129699999999682e-01	-8.366039499999999851e-01
-8.368322100000000763e-01	-8.366039499999999851e-01
-8.357238799999999745e-01	-8.479094099999999745e-01
-8.345458600000000837e-01	-8.592148699999999639e-01
-8.333016699999999943e-01	-7.122438700000000011e-01
-8.321018199999999920e-01	-7.800766099999999481e-01
-8.309464199999999634e-01	-7.913820700000000485e-01
-8.297495200000000182e-01	-7.574657000000000195e-01
-8.284647499999999720e-01	-7.122438700000000011e-01
-8.271371100000000087e-01	-7.574657000000000195e-01
-8.258729200000000104e-01	-7.800766099999999481e-01
-8.247089899999999751e-01	-7.800766099999999481e-01
-8.235665500000000083e-01	-7.461602399999999191e-01
-8.223495299999999952e-01	-7.461602399999999191e-01
-8.210092800000000635e-01	-7.348547900000000910e-01
-8.196094500000000727e-01	-7.913820700000000485e-01
-8.183261600000000247e-01	-7.687711600000000089e-01
-8.172310099999999800e-01	-8.592148699999999639e-01
-8.162251100000000870e-01	-7.913820700000000485e-01
-8.151916999999999636e-01	-7.800766099999999481e-01
-8.140472100000000211e-01	-7.574657000000000195e-01
-8.127576600000000484e-01	-7.913820700000000485e-01
-8.113894400000000173e-01	-7.461602399999999191e-01
-8.100959099999999191e-01	-7.348547900000000910e-01
-8.089487000000000760e-01	-7.913820700000000485e-01
-8.078666300000000300e-01	-7.687711600000000089e-01
-8.067478300000000546e-01	-7.574657000000000195e-01
-8.055382099999999213e-01	-6.896329599999999616e-01
-8.042501300000000075e-01	-7.461602399999999191e-01
-8.029440999999999384e-01	-8.139930399999999455e-01
-8.017180999999999891e-01	-7.913820700000000485e-01
-8.006082900000000002e-01	-8.026875300000000379e-01
-7.994594900000000504e-01	-7.913820700000000485e-01
-7.981676600000000565e-01	-8.366039499999999851e-01
-7.968345700000000198e-01	-8.366039499999999851e-01
-7.955615000000000325e-01	-7.800766099999999481e-01
-7.943926900000000124e-01	-8.026875300000000379e-01
-7.932964099999999519e-01	-8.366039499999999851e-01
-7.921319100000000502e-01	-8.366039499999999851e-01
-7.908301999999999277e-01	-7.800766099999999481e-01
-7.895084799999999570e-01	-8.026875300000000379e-01
-7.883019199999999893e-01	-7.687711600000000089e-01
-7.871370799999999335e-01	-7.913820700000000485e-01
-7.859051699999999308e-01	-8.139930399999999455e-01
-7.846828099999999528e-01	-8.366039499999999851e-01
-7.834490800000000199e-01	-8.139930399999999455e-01
-7.820532299999999326e-01	-7.913820700000000485e-01
-7.806279400000000201e-01	-7.913820700000000485e-01
-7.794604900000000614e-01	-8.139930399999999455e-01
-7.784620899999999954e-01	-7.687711600000000089e-01
-7.772633799999999482e-01	-7.235493299999999905e-01
-7.758072799999999880e-01	-7.461602399999999191e-01
-7.743991500000000361e-01	-7.800766099999999481e-01
-7.731972599999999973e-01	-7.913820700000000485e-01
-7.720685699999999541e-01	-7.461602399999999191e-01
-7.708974899999999630e-01	-7.574657000000000195e-01
-7.696955899999999851e-01	-7.461602399999999191e-01
-7.684872099999999762e-01	-7.461602399999999191e-01
-7.672745100000000207e-01	-7.800766099999999481e-01
-7.660631800000000657e-01	-7.235493299999999905e-01
-7.648533299999999979e-01	-7.348547900000000910e-01
-7.636267599999999600e-01	-7.461602399999999191e-01
-7.623644900000000613e-01	-7.687711600000000089e-01
-7.610765400000000236e-01	-8.026875300000000379e-01
-7.598203000000000040e-01	-8.026875300000000379e-01
-7.586097599999999108e-01	-7.348547900000000910e-01
-7.573588599999999671e-01	-7.574657000000000195e-01
-7.560715900000000156e-01	-7.687711600000000089e-01
-7.548550199999999322e-01	-7.574657000000000195e-01
-7.536881400000000619e-01	-7.348547900000000910e-01
-7.524891999999999692e-01	-7.122438700000000011e-01
-7.512658199999999731e-01	-7.574657000000000195e-01
-7.500357199999999613e-01	-7.348547900000000910e-01
-7.487896000000000551e-01	-7.461602399999999191e-01
-7.475823600000000013e-01	-7.800766099999999481e-01
-7.464716399999999918e-01	-7.348547900000000910e-01
-7.453380699999999637e-01	-7.122438700000000011e-01
-7.440454499999999971e-01	-6.896329599999999616e-01
-7.426624499999999740e-01	-7.235493299999999905e-01
-7.413253799999999227e-01	-7.009384199999999510e-01
-7.401280300000000478e-01	-6.896329599999999616e-01
-7.390574400000000654e-01	-7.913820700000000485e-01
-7.379518399999999145e-01	-7.235493299999999905e-01
-7.366946899999999854e-01	-7.574657000000000195e-01
-7.353517000000000525e-01	-7.235493299999999905e-01
-7.340844399999999492e-01	-7.122438700000000011e-01
-7.329515500000000072e-01	-7.574657000000000195e-01
-7.318796000000000745e-01	-7.913820700000000485e-01
-7.307936600000000116e-01	-7.235493299999999905e-01
-7.295821000000000112e-01	-7.122438700000000011e-01
-7.282233100000000681e-01	-7.009384199999999510e-01
-7.268716899999999592e-01	-6.896329599999999616e-01
-7.256348900000000324e-01	-7.461602399999999191e-01
-7.245181499999999719e-01	-7.235493299999999905e-01
-7.233687699999999943e-01	-8.026875300000000379e-01
-7.219783799999999196e-01	-7.687711600000000089e-01
-7.204758999999999469e-01	-7.461602399999999191e-01
-7.191663400000000150e-01	-7.687711600000000089e-01
-7.180380000000000651e-01	-7.800766099999999481e-01
-7.168767999999999807e-01	-7.913820700000000485e-01
-7.156520499999999840e-01	-7.574657000000000195e-01
-7.144540199999999119e-01	-7.348547900000000910e-01
-7.132964600000000210e-01	-7.687711600000000089e-01
-7.121632299999999249e-01	-7.122438700000000011e-01
-7.109990699999999553e-01	-7.800766099999999481e-01
-7.097355600000000431e-01	-7.235493299999999905e-01
-7.084381700000000892e-01	-7.574657000000000195e-01
-7.071945399999999271e-01	-7.913820700000000485e-01
-7.059587700000000687e-01	-8.026875300000000379e-01
-7.046775199999999462e-01	-7.913820700000000485e-01
-7.033827400000000063e-01	-7.574657000000000195e-01
-7.021266099999999843e-01	-6.896329599999999616e-01
-7.009241499999999681e-01	-7.122438700000000011e-01
-6.997048599999999841e-01	-7.913820700000000485e-01
-6.983973400000000886e-01	-7.687711600000000089e-01
-6.970875600000000505e-01	-7.574657000000000195e-01
-6.959247700000000814e-01	-7.461602399999999191e-01
-6.948849900000000357e-01	-7.913820700000000485e-01
-6.937404999999999822e-01	-8.366039499999999851e-01
-6.923441999999999652e-01	-8.139930399999999455e-01
-6.908669499999999797e-01	-8.252984999999999349e-01
-6.895429600000000381e-01	-7.574657000000000195e-01
-6.883441300000000540e-01	-7.348547900000000910e-01
-6.871399599999999941e-01	-7.348547900000000910e-01
-6.859505700000000372e-01	-7.461602399999999191e-01
-6.847963000000000244e-01	-7.235493299999999905e-01
-6.835782599999999931e-01	-6.896329599999999616e-01
-6.823290699999999820e-01	-7.800766099999999481e-01
-6.811700400000000322e-01	-7.574657000000000195e-01
-6.799866700000000153e-01	-7.800766099999999481e-01
-6.786244700000000352e-01	-7.461602399999999191e-01
-6.772153300000000042e-01	-7.574657000000000195e-01
-6.759519200000000394e-01	-7.913820700000000485e-01
-6.748022099999999579e-01	-7.687711600000000089e-01
-6.736098600000000047e-01	-7.348547900000000910e-01
-6.723549899999999857e-01	-8.026875300000000379e-01
-6.711803699999999706e-01	-7.687711600000000089e-01
-6.700679500000000788e-01	-7.800766099999999481e-01
-6.688274000000000719e-01	-7.235493299999999905e-01
-6.675067000000000084e-01	-7.461602399999999191e-01
-6.662673999999999541e-01	-7.574657000000000195e-01
-6.650068399999999880e-01	-7.800766099999999481e-01
-6.636374800000000018e-01	-7.800766099999999481e-01
-6.623195100000000002e-01	-7.800766099999999481e-01
-6.611248899999999651e-01	-7.687711600000000089e-01
-6.599673299999999632e-01	-7.348547900000000910e-01
-6.588172700000000104e-01	-7.461602399999999191e-01
-6.576011600000000179e-01	-7.800766099999999481e-01
-6.561924699999999167e-01	-7.800766099999999481e-01
-6.546965800000000835e-01	-7.687711600000000089e-01
-6.534028200000000508e-01	-7.800766099999999481e-01
-6.523636099999999827e-01	-7.461602399999999191e-01
-6.513114399999999637e-01	-7.913820700000000485e-01
-6.501018100000000022e-01	-7.800766099999999481e-01
-6.488769500000000079e-01	-7.461602399999999191e-01
-6.476723200000000791e-01	-7.800766099999999481e-01
-6.463825500000000002e-01	-7.461602399999999191e-01
-6.450738999999999779e-01	-6.670220499999999220e-01
-6.438596100000000266e-01	-7.009384199999999510e-01
-6.426984099999999422e-01	-7.122438700000000011e-01
-6.414777499999999577e-01	-6.896329599999999616e-01
-6.401210200000000405e-01	-6.896329599999999616e-01
-6.387157300000000371e-01	-7.348547900000000910e-01
-6.374362999999999557e-01	-7.235493299999999905e-01
-6.362331500000000251e-01	-7.800766099999999481e-01
-6.349842999999999460e-01	-7.800766099999999481e-01
-6.338026399999999727e-01	-7.235493299999999905e-01
-6.327190900000000395e-01	-7.122438700000000011e-01
-6.315634699999999047e-01	-7.687711600000000089e-01
-6.302995000000000125e-01	-8.139930399999999455e-01
-6.289515100000000469e-01	-7.461602399999999191e-01
-6.275389499999999288e-01	-6.896329599999999616e-01
-6.262067700000000237e-01	-7.009384199999999510e-01
-6.250217000000000134e-01	-7.122438700000000011e-01
-6.238892600000000010e-01	-7.009384199999999510e-01
-6.227442099999999092e-01	-6.783275100000000224e-01
-6.215453799999999251e-01	-7.009384199999999510e-01
-6.202213899999999835e-01	-7.235493299999999905e-01
-6.187965500000000008e-01	-6.896329599999999616e-01
-6.174205999999999861e-01	-7.009384199999999510e-01
-6.161744699999999186e-01	-7.009384199999999510e-01
-6.150245300000000137e-01	-6.670220499999999220e-01
-6.139098299999999897e-01	-5.991893099999999750e-01
-6.127259000000000455e-01	-6.670220499999999220e-01
-6.114751200000000386e-01	-6.444111399999999934e-01
-6.103275599999999912e-01	-6.783275100000000224e-01
-6.092509499999999578e-01	-6.896329599999999616e-01
-6.079814099999999444e-01	-7.235493299999999905e-01
-6.065284900000000867e-01	-6.896329599999999616e-01
-6.052212000000000147e-01	-6.557165900000000436e-01
-6.041615299999999467e-01	-7.574657000000000195e-01
-6.030829799999999352e-01	-7.348547900000000910e-01
-6.018320799999999915e-01	-6.783275100000000224e-01
-6.005203700000000255e-01	-7.009384199999999510e-01
-5.992341099999999310e-01	-7.461602399999999191e-01
-5.980070900000000744e-01	-6.896329599999999616e-01
-5.968603300000000500e-01	-6.444111399999999934e-01
-5.956857200000000852e-01	-6.783275100000000224e-01
-5.943536499999999556e-01	-7.913820700000000485e-01
-5.929280200000000001e-01	-6.896329599999999616e-01
-5.915754899999999816e-01	-7.348547900000000910e-01
-5.903414099999999554e-01	-7.009384199999999510e-01
-5.892110299999999690e-01	-6.444111399999999934e-01
-5.881323700000000709e-01	-6.670220499999999220e-01
-5.869192099999999135e-01	-6.670220499999999220e-01
-5.855165500000000245e-01	-6.670220499999999220e-01
-5.841098999999999597e-01	-7.235493299999999905e-01
-5.828062499999999702e-01	-7.348547900000000910e-01
-5.815543300000000082e-01	-7.687711600000000089e-01
-5.802951400000000426e-01	-7.461602399999999191e-01
-5.790597000000000660e-01	-7.348547900000000910e-01
-5.779361299999999924e-01	-7.574657000000000195e-01
-5.768925999999999776e-01	-7.574657000000000195e-01
-5.757428900000000072e-01	-7.009384199999999510e-01
-5.743839899999999554e-01	-6.331056800000000040e-01
-5.729932599999999487e-01	-6.218002200000000146e-01
-5.717591899999999727e-01	-5.878838499999999856e-01
-5.705138599999999283e-01	-6.331056800000000040e-01
-5.690876599999999952e-01	-6.557165900000000436e-01
-5.677050000000000152e-01	-6.896329599999999616e-01
-5.665373200000000109e-01	-6.670220499999999220e-01
-5.653801099999999913e-01	-6.104947699999999644e-01
-5.640599699999999661e-01	-7.009384199999999510e-01
-5.626855000000000606e-01	-6.670220499999999220e-01
-5.614064100000000224e-01	-7.348547900000000910e-01
-5.602186100000000613e-01	-7.009384199999999510e-01
-5.590469500000000425e-01	-6.444111399999999934e-01
-5.578426699999999849e-01	-6.670220499999999220e-01
-5.565921099999999733e-01	-6.331056800000000040e-01
-5.553321200000000957e-01	-6.331056800000000040e-01
-5.540790700000000069e-01	-5.991893099999999750e-01
-5.528331699999999849e-01	-6.104947699999999644e-01
-5.516595799999999272e-01	-6.331056800000000040e-01
-5.505314700000000228e-01	-5.878838499999999856e-01
-5.493366200000000532e-01	-6.218002200000000146e-01
-5.480735599999999597e-01	-6.331056800000000040e-01
-5.467630900000000072e-01	-6.557165900000000436e-01
-5.454435300000000097e-01	-6.331056800000000040e-01
-5.442108199999999840e-01	-5.426620300000000174e-01
-5.430270000000000374e-01	-5.313565700000000280e-01
-5.417647300000000277e-01	-5.652729400000000570e-01
-5.404311899999999502e-01	-5.878838499999999856e-01
-5.391241300000000347e-01	-5.765784000000000464e-01
-5.378522000000000025e-01	-6.218002200000000146e-01
-5.365669699999999764e-01	-6.557165900000000436e-01
-5.352952699999999897e-01	-5.991893099999999750e-01
-5.340380100000000629e-01	-5.991893099999999750e-01
-5.327045799999999831e-01	-6.331056800000000040e-01
-5.313239600000000395e-01	-6.444111399999999934e-01
-5.300340700000000238e-01	-6.331056800000000040e-01
-5.288287600000000088e-01	-6.218002200000000146e-01
-5.275945799999999242e-01	-6.218002200000000146e-01
-5.263348200000000920e-01	-6.104947699999999644e-01
-5.251295099999999660e-01	-6.444111399999999934e-01
-5.239574000000000176e-01	-6.331056800000000040e-01
-5.227841500000000030e-01	-6.331056800000000040e-01
-5.216253400000000484e-01	-6.331056800000000040e-01
-5.203762600000000349e-01	-6.896329599999999616e-01
-5.189780299999999791e-01	-7.122438700000000011e-01
-5.176439099999999849e-01	-6.444111399999999934e-01
-5.164962399999999398e-01	-6.670220499999999220e-01
-5.153343599999999913e-01	-6.444111399999999934e-01
-5.139864899999999626e-01	-6.557165900000000436e-01
-5.125640399999999985e-01	-7.122438700000000011e-01
-5.112706299999999482e-01	-6.670220499999999220e-01
-5.101063599999999809e-01	-6.896329599999999616e-01
-5.089665399999999673e-01	-6.783275100000000224e-01
-5.078389899999999901e-01	-6.783275100000000224e-01
-5.066836999999999591e-01	-6.557165900000000436e-01
-5.054497500000000310e-01	-6.670220499999999220e-01
-5.041636099999999843e-01	-6.670220499999999220e-01
-5.028441599999999845e-01	-6.331056800000000040e-01
-5.015272100000000011e-01	-6.670220499999999220e-01
-5.002274299999999174e-01	-7.009384199999999510e-01
-4.989092300000000368e-01	-7.122438700000000011e-01
-4.976393500000000358e-01	-7.122438700000000011e-01
-4.965006599999999826e-01	-6.670220499999999220e-01
-4.953908499999999937e-01	-6.331056800000000040e-01
-4.941704199999999991e-01	-6.670220499999999220e-01
-4.928421000000000052e-01	-6.557165900000000436e-01
-4.914820700000000486e-01	-6.557165900000000436e-01
-4.901952500000000268e-01	-6.557165900000000436e-01
-4.889809599999999645e-01	-6.218002200000000146e-01
-4.876941400000000537e-01	-5.426620300000000174e-01
-4.863562699999999794e-01	-6.104947699999999644e-01
-4.850768399999999536e-01	-6.104947699999999644e-01
-4.838242399999999610e-01	-5.991893099999999750e-01
-4.826453099999999941e-01	-6.670220499999999220e-01
-4.815633500000000011e-01	-6.444111399999999934e-01
-4.803769099999999903e-01	-6.896329599999999616e-01
-4.790366600000000030e-01	-7.235493299999999905e-01
-4.777048200000000300e-01	-6.783275100000000224e-01
-4.764032199999999606e-01	-6.557165900000000436e-01
-4.751113899999999668e-01	-6.557165900000000436e-01
-4.738403699999999552e-01	-6.444111399999999934e-01
-4.725142199999999848e-01	-6.896329599999999616e-01
-4.711718000000000295e-01	-6.896329599999999616e-01
-4.699227199999999605e-01	-7.461602399999999191e-01
-4.686829700000000321e-01	-6.670220499999999220e-01
-4.673960300000000179e-01	-6.331056800000000040e-01
-4.661821999999999910e-01	-6.331056800000000040e-01
-4.650381700000000285e-01	-6.444111399999999934e-01
-4.638092200000000220e-01	-7.009384199999999510e-01
-4.625293300000000163e-01	-6.670220499999999220e-01
-4.613557400000000142e-01	-6.331056800000000040e-01
-4.602189799999999997e-01	-6.218002200000000146e-01
-4.589700199999999786e-01	-6.218002200000000146e-01
-4.576742200000000205e-01	-6.557165900000000436e-01
-4.564350300000000193e-01	-6.557165900000000436e-01
-4.551811800000000185e-01	-6.670220499999999220e-01
-4.538126199999999999e-01	-6.670220499999999220e-01
-4.523834599999999595e-01	-6.670220499999999220e-01
-4.510218300000000125e-01	-6.218002200000000146e-01
-4.497243300000000055e-01	-6.557165900000000436e-01
-4.484061300000000139e-01	-6.557165900000000436e-01
-4.471389699999999690e-01	-6.670220499999999220e-01
-4.460028999999999799e-01	-6.444111399999999934e-01
-4.448501199999999600e-01	-6.557165900000000436e-01
-4.435585200000000117e-01	-6.783275100000000224e-01
-4.422230400000000117e-01	-6.896329599999999616e-01
-4.409528200000000231e-01	-6.783275100000000224e-01
-4.397308000000000328e-01	-6.670220499999999220e-01
-4.384901299999999780e-01	-7.122438700000000011e-01
-4.371868300000000263e-01	-6.557165900000000436e-01
-4.358166699999999616e-01	-6.104947699999999644e-01
-4.344764199999999743e-01	-6.444111399999999934e-01
-4.332771399999999495e-01	-6.218002200000000146e-01
-4.321393600000000279e-01	-6.218002200000000146e-01
-4.308859600000000123e-01	-6.104947699999999644e-01
-4.294857899999999784e-01	-6.896329599999999616e-01
-4.280810800000000027e-01	-6.557165900000000436e-01
-4.268112000000000017e-01	-6.218002200000000146e-01
-4.256136200000000258e-01	-5.539674800000000676e-01
-4.243478299999999814e-01	-6.104947699999999644e-01
-4.230618099999999826e-01	-7.235493299999999905e-01
-4.218665000000000331e-01	-6.896329599999999616e-01
-4.206938199999999961e-01	-6.557165900000000436e-01
-4.193971100000000174e-01	-6.557165900000000436e-01
-4.180228599999999961e-01	-6.218002200000000146e-01
-4.167523000000000200e-01	-7.009384199999999510e-01
-4.155988299999999747e-01	-6.104947699999999644e-01
-4.144546899999999590e-01	-6.557165900000000436e-01
-4.132685899999999912e-01	-6.670220499999999220e-01
-4.120104199999999883e-01	-6.557165900000000436e-01
-4.106511800000000045e-01	-6.783275100000000224e-01
-4.092055400000000343e-01	-7.122438700000000011e-01
-4.077828600000000248e-01	-6.104947699999999644e-01
-4.065016100000000132e-01	-5.765784000000000464e-01
-4.053479199999999727e-01	-5.878838499999999856e-01
-4.042444699999999669e-01	-5.878838499999999856e-01
-4.031230699999999723e-01	-5.878838499999999856e-01
-4.019295800000000085e-01	-6.331056800000000040e-01
-4.006907399999999897e-01	-5.539674800000000676e-01
-3.995016899999999649e-01	-6.331056800000000040e-01
-3.983886900000000453e-01	-5.991893099999999750e-01
-3.972131700000000043e-01	-5.878838499999999856e-01
-3.958556400000000086e-01	-6.218002200000000146e-01
-3.944667200000000484e-01	-6.670220499999999220e-01
-3.932398199999999622e-01	-6.218002200000000146e-01
-3.920554300000000381e-01	-6.557165900000000436e-01
-3.907160800000000211e-01	-6.444111399999999934e-01
-3.893192099999999711e-01	-6.104947699999999644e-01
-3.880282999999999927e-01	-5.991893099999999750e-01
-3.867883199999999633e-01	-5.765784000000000464e-01
-3.855138899999999702e-01	-5.765784000000000464e-01
-3.842184200000000049e-01	-5.991893099999999750e-01
-3.829303499999999749e-01	-5.652729400000000570e-01
-3.817073099999999664e-01	-6.104947699999999644e-01
-3.805921600000000127e-01	-5.652729400000000570e-01
-3.794278900000000454e-01	-5.991893099999999750e-01
-3.780435200000000218e-01	-6.104947699999999644e-01
-3.766384700000000030e-01	-6.331056800000000040e-01
-3.754789799999999622e-01	-5.652729400000000570e-01
-3.744130499999999695e-01	-6.444111399999999934e-01
-3.731636299999999684e-01	-6.444111399999999934e-01
-3.717705099999999985e-01	-6.444111399999999934e-01
-3.704387800000000230e-01	-6.444111399999999934e-01
-3.691719700000000159e-01	-6.670220499999999220e-01
-3.678263700000000136e-01	-7.235493299999999905e-01
-3.664347299999999863e-01	-6.218002200000000146e-01
-3.651129000000000180e-01	-6.104947699999999644e-01
-3.638453999999999855e-01	-7.009384199999999510e-01
-3.626504399999999628e-01	-6.896329599999999616e-01
-3.615464300000000297e-01	-7.461602399999999191e-01
-3.603647700000000009e-01	-6.670220499999999220e-01
-3.590198499999999737e-01	-6.444111399999999934e-01
-3.576458299999999979e-01	-6.896329599999999616e-01
-3.563079599999999791e-01	-6.557165900000000436e-01
-3.549954499999999902e-01	-6.783275100000000224e-01
-3.537581999999999671e-01	-6.557165900000000436e-01
-3.525693699999999930e-01	-7.348547900000000910e-01
-3.513007400000000002e-01	-7.348547900000000910e-01
-3.499408199999999858e-01	-7.009384199999999510e-01
-3.486425200000000113e-01	-6.670220499999999220e-01
-3.474735899999999988e-01	-6.444111399999999934e-01
-3.462762400000000129e-01	-6.218002200000000146e-01
-3.449289400000000172e-01	-6.444111399999999934e-01
-3.435317199999999849e-01	-7.800766099999999481e-01
-3.422506999999999633e-01	-7.122438700000000011e-01
-3.411364600000000302e-01	-6.218002200000000146e-01
-3.400666600000000206e-01	-6.331056800000000040e-01
-3.388639700000000143e-01	-6.331056800000000040e-01
-3.374998399999999954e-01	-6.331056800000000040e-01
-3.361270699999999723e-01	-6.331056800000000040e-01
-3.348336599999999774e-01	-6.557165900000000436e-01
-3.335410400000000108e-01	-6.331056800000000040e-01
-3.322334100000000068e-01	-6.218002200000000146e-01
-3.309220300000000337e-01	-6.557165900000000436e-01
-3.295766600000000213e-01	-6.331056800000000040e-01
-3.282639199999999868e-01	-6.670220499999999220e-01
-3.270189399999999802e-01	-6.331056800000000040e-01
-3.258102199999999837e-01	-6.896329599999999616e-01
-3.246362899999999940e-01	-6.783275100000000224e-01
-3.233910799999999974e-01	-6.557165900000000436e-01
-3.219627200000000355e-01	-6.783275100000000224e-01
-3.204849000000000170e-01	-6.331056800000000040e-01
-3.191560200000000402e-01	-6.896329599999999616e-01
-3.179442299999999944e-01	-6.444111399999999934e-01
-3.167241399999999873e-01	-5.878838499999999856e-01
-3.154987100000000155e-01	-6.331056800000000040e-01
-3.142698700000000067e-01	-6.104947699999999644e-01
-3.129538299999999884e-01	-5.652729400000000570e-01
-3.115689000000000375e-01	-6.104947699999999644e-01
-3.102502400000000105e-01	-5.878838499999999856e-01
-3.090514200000000211e-01	-6.557165900000000436e-01
-3.079297799999999863e-01	-6.104947699999999644e-01
-3.068158799999999853e-01	-6.783275100000000224e-01
-3.056110200000000110e-01	-6.104947699999999644e-01
-3.043053299999999850e-01	-5.652729400000000570e-01
-3.030004300000000428e-01	-6.218002200000000146e-01
-3.017477199999999971e-01	-5.539674800000000676e-01
-3.005035300000000187e-01	-5.652729400000000570e-01
-2.991761199999999898e-01	-5.878838499999999856e-01
-2.977530999999999928e-01	-5.200511099999999276e-01
-2.963679399999999964e-01	-5.878838499999999856e-01
-2.951002199999999687e-01	-6.218002200000000146e-01
-2.938825200000000359e-01	-6.218002200000000146e-01
-2.926232099999999670e-01	-5.765784000000000464e-01
-2.912927399999999944e-01	-5.652729400000000570e-01
-2.899548700000000312e-01	-5.765784000000000464e-01
-2.886607699999999554e-01	-6.331056800000000040e-01
-2.873945299999999814e-01	-5.991893099999999750e-01
-2.861902400000000402e-01	-5.878838499999999856e-01
-2.850401900000000266e-01	-6.104947699999999644e-01
-2.838074800000000009e-01	-6.104947699999999644e-01
-2.824568800000000213e-01	-5.652729400000000570e-01
-2.811302700000000154e-01	-5.539674800000000676e-01
-2.799414500000000361e-01	-5.991893099999999750e-01
-2.788558499999999607e-01	-5.765784000000000464e-01
-2.777098900000000148e-01	-5.765784000000000464e-01
-2.763254099999999935e-01	-5.426620300000000174e-01
-2.747653999999999930e-01	-5.991893099999999750e-01
-2.733485199999999837e-01	-5.313565700000000280e-01
-2.721760699999999922e-01	-5.313565700000000280e-01
-2.710540899999999698e-01	-5.652729400000000570e-01
-2.699119899999999905e-01	-5.426620300000000174e-01
-2.687123699999999782e-01	-5.878838499999999856e-01
-2.673195899999999958e-01	-5.539674800000000676e-01
-2.658120999999999956e-01	-5.313565700000000280e-01
-2.644409299999999630e-01	-5.652729400000000570e-01
-2.632842799999999817e-01	-5.991893099999999750e-01
-2.621895899999999724e-01	-6.218002200000000146e-01
-2.609679099999999696e-01	-6.218002200000000146e-01
-2.596019599999999650e-01	-6.331056800000000040e-01
-2.582444299999999693e-01	-5.426620300000000174e-01
-2.570002399999999909e-01	-5.313565700000000280e-01
-2.557336499999999790e-01	-5.539674800000000676e-01
-2.542896000000000045e-01	-5.878838499999999856e-01
-2.528114499999999931e-01	-5.652729400000000570e-01
-2.515057499999999724e-01	-5.426620300000000174e-01
-2.503616100000000122e-01	-5.539674800000000676e-01
-2.492183700000000224e-01	-5.539674800000000676e-01
-2.479614500000000277e-01	-5.991893099999999750e-01
-2.467188600000000120e-01	-5.539674800000000676e-01
-2.456417899999999988e-01	-5.991893099999999750e-01
-2.445646000000000209e-01	-5.652729400000000570e-01
-2.432510699999999859e-01	-5.991893099999999750e-01
-2.417639299999999880e-01	-6.104947699999999644e-01
-2.403423899999999891e-01	-5.991893099999999750e-01
-2.390781899999999960e-01	-6.218002200000000146e-01
-2.378733399999999887e-01	-6.331056800000000040e-01
-2.366106199999999937e-01	-6.218002200000000146e-01
-2.352393300000000242e-01	-5.991893099999999750e-01
-2.338439300000000054e-01	-5.878838499999999856e-01
-2.325579100000000066e-01	-5.765784000000000464e-01
-2.313286100000000178e-01	-6.331056800000000040e-01
-2.300488400000000044e-01	-6.444111399999999934e-01
-2.288038599999999978e-01	-6.218002200000000146e-01
-2.276748299999999947e-01	-5.991893099999999750e-01
-2.265060200000000024e-01	-6.218002200000000146e-01
-2.251774699999999907e-01	-6.331056800000000040e-01
-2.238093700000000075e-01	-5.991893099999999750e-01
-2.224685399999999924e-01	-6.104947699999999644e-01
-2.211024800000000179e-01	-5.313565700000000280e-01
-2.197825799999999774e-01	-6.104947699999999644e-01
-2.186141000000000056e-01	-6.104947699999999644e-01
-2.174635899999999844e-01	-5.991893099999999750e-01
-2.161209500000000061e-01	-6.104947699999999644e-01
-2.146552999999999933e-01	-6.218002200000000146e-01
-2.132735499999999784e-01	-6.557165900000000436e-01
-2.120261800000000085e-01	-5.878838499999999856e-01
-2.108486099999999919e-01	-5.878838499999999856e-01
-2.096623999999999988e-01	-5.878838499999999856e-01
-2.084241300000000130e-01	-6.331056800000000040e-01
-2.070985399999999976e-01	-5.991893099999999750e-01
-2.056945000000000023e-01	-5.426620300000000174e-01
-2.043864200000000131e-01	-5.765784000000000464e-01
-2.032431899999999902e-01	-5.652729400000000570e-01
-2.020797200000000182e-01	-6.104947699999999644e-01
-2.008077900000000138e-01	-6.444111399999999934e-01
-1.994794699999999921e-01	-6.331056800000000040e-01
-1.981350100000000003e-01	-5.652729400000000570e-01
-1.968321600000000060e-01	-6.557165900000000436e-01
-1.955584099999999881e-01	-7.009384199999999510e-01
-1.942448799999999809e-01	-6.670220499999999220e-01
-1.929920499999999983e-01	-6.896329599999999616e-01
-1.919270299999999985e-01	-6.444111399999999934e-01
-1.909049800000000019e-01	-6.218002200000000146e-01
-1.897071800000000030e-01	-6.104947699999999644e-01
-1.883263400000000087e-01	-6.331056800000000040e-01
-1.869175299999999984e-01	-6.557165900000000436e-01
-1.856014900000000079e-01	-6.218002200000000146e-01
-1.843393400000000182e-01	-5.765784000000000464e-01
-1.830489999999999895e-01	-6.331056800000000040e-01
-1.817118100000000014e-01	-6.670220499999999220e-01
-1.803366599999999820e-01	-6.557165900000000436e-01
-1.789919700000000002e-01	-6.783275100000000224e-01
-1.777323199999999992e-01	-7.235493299999999905e-01
-1.764749399999999968e-01	-7.122438700000000011e-01
-1.751909600000000067e-01	-7.009384199999999510e-01
-1.740315799999999913e-01	-6.670220499999999220e-01
-1.729615600000000142e-01	-6.444111399999999934e-01
-1.716669000000000112e-01	-6.444111399999999934e-01
-1.701366700000000176e-01	-6.104947699999999644e-01
-1.687426399999999993e-01	-5.991893099999999750e-01
-1.676094100000000142e-01	-6.218002200000000146e-01
-1.664900500000000005e-01	-6.557165900000000436e-01
-1.651808399999999954e-01	-6.783275100000000224e-01
-1.637499699999999947e-01	-6.218002200000000146e-01
-1.624180200000000240e-01	-5.765784000000000464e-01
-1.612506800000000073e-01	-6.331056800000000040e-01
-1.600828899999999777e-01	-6.557165900000000436e-01
-1.587525300000000028e-01	-6.104947699999999644e-01
-1.572730099999999909e-01	-5.991893099999999750e-01
-1.557900799999999975e-01	-5.765784000000000464e-01
-1.544435700000000022e-01	-5.652729400000000570e-01
-1.532689600000000096e-01	-5.878838499999999856e-01
-1.521489100000000261e-01	-6.218002200000000146e-01
-1.509217800000000054e-01	-6.104947699999999644e-01
-1.495504899999999804e-01	-6.218002200000000146e-01
-1.481046200000000201e-01	-5.652729400000000570e-01
-1.467108199999999918e-01	-6.444111399999999934e-01
-1.454839099999999941e-01	-6.104947699999999644e-01
-1.443618200000000018e-01	-6.218002200000000146e-01
-1.431567400000000045e-01	-6.104947699999999644e-01
-1.417875000000000107e-01	-6.218002200000000146e-01
-1.403677700000000028e-01	-6.218002200000000146e-01
-1.390753799999999984e-01	-7.009384199999999510e-01
-1.378953099999999932e-01	-6.331056800000000040e-01
-1.366670399999999896e-01	-6.557165900000000436e-01
-1.353876100000000193e-01	-6.331056800000000040e-01
-1.341068099999999930e-01	-6.218002200000000146e-01
-1.327721299999999882e-01	-6.444111399999999934e-01
-1.314137999999999973e-01	-6.331056800000000040e-01
-1.301038999999999946e-01	-6.218002200000000146e-01
-1.288346999999999964e-01	-6.104947699999999644e-01
-1.276030200000000114e-01	-6.444111399999999934e-01
-1.263806600000000058e-01	-6.670220499999999220e-01
-1.250900799999999924e-01	-6.331056800000000040e-01
-1.237365300000000112e-01	-5.991893099999999750e-01
-1.224348099999999911e-01	-6.444111399999999934e-01
-1.212431500000000079e-01	-7.009384199999999510e-01
-1.200692199999999904e-01	-6.896329599999999616e-01
-1.188343500000000053e-01	-6.557165900000000436e-01
-1.176072099999999898e-01	-6.444111399999999934e-01
-1.164114599999999944e-01	-7.235493299999999905e-01
-1.150758600000000020e-01	-6.896329599999999616e-01
-1.135656500000000041e-01	-6.557165900000000436e-01
-1.121552499999999980e-01	-6.331056800000000040e-01
-1.109544900000000028e-01	-5.878838499999999856e-01
-1.097519099999999942e-01	-6.896329599999999616e-01
-1.084463299999999936e-01	-7.800766099999999481e-01
-1.071273299999999928e-01	-6.896329599999999616e-01
-1.058344900000000033e-01	-7.122438700000000011e-01
-1.045541499999999985e-01	-6.670220499999999220e-01
-1.032672099999999982e-01	-6.557165900000000436e-01
-1.019409399999999938e-01	-6.670220499999999220e-01
-1.006023899999999999e-01	-6.783275100000000224e-01
-9.930727200000000199e-02	-6.557165900000000436e-01
-9.808081800000000017e-02	-5.991893099999999750e-01
-9.691530099999999537e-02	-6.670220499999999220e-01
-9.569612299999999405e-02	-7.009384199999999510e-01
-9.437780999999999254e-02	-6.218002200000000146e-01
-9.310656399999998889e-02	-6.444111399999999934e-01
-9.188943300000000647e-02	-6.331056800000000040e-01
-9.059840500000000685e-02	-6.783275100000000224e-01
-8.924121200000000032e-02	-6.896329599999999616e-01
-8.785241300000000420e-02	-5.878838499999999856e-01
-8.645110899999999821e-02	-6.104947699999999644e-01
-8.509619000000000211e-02	-6.331056800000000040e-01
-8.380061399999999550e-02	-6.557165900000000436e-01
-8.253960000000000463e-02	-7.009384199999999510e-01
-8.126448799999999584e-02	-6.896329599999999616e-01
-7.997164199999999556e-02	-7.235493299999999905e-01
-7.876974500000000212e-02	-7.574657000000000195e-01
-7.762855600000000134e-02	-6.670220499999999220e-01
-7.637117999999999685e-02	-6.557165900000000436e-01
-7.502785599999999000e-02	-7.235493299999999905e-01
-7.371590999999999561e-02	-7.235493299999999905e-01
-7.234712000000000087e-02	-6.896329599999999616e-01
-7.086646300000000454e-02	-7.009384199999999510e-01
-6.947493600000000102e-02	-7.122438700000000011e-01
-6.828850000000000198e-02	-7.009384199999999510e-01
-6.709569799999999529e-02	-6.104947699999999644e-01
-6.576306099999999766e-02	-6.444111399999999934e-01
-6.446248300000000098e-02	-6.783275100000000224e-01
-6.328718899999999370e-02	-7.235493299999999905e-01
-6.211439500000000280e-02	-7.122438700000000011e-01
-6.085883799999999844e-02	-6.783275100000000224e-01
-5.955212099999999953e-02	-7.122438700000000011e-01
-5.828292200000000089e-02	-6.783275100000000224e-01
-5.707465799999999340e-02	-6.104947699999999644e-01
-5.583933700000000278e-02	-6.670220499999999220e-01
-5.458764500000000408e-02	-6.557165900000000436e-01
-5.339120399999999766e-02	-6.670220499999999220e-01
-5.215838400000000208e-02	-7.461602399999999191e-01
-5.082711100000000121e-02	-7.348547900000000910e-01
-4.948787999999999798e-02	-6.896329599999999616e-01
-4.813546200000000386e-02	-6.896329599999999616e-01
-4.673620400000000341e-02	-6.104947699999999644e-01
-4.541993799999999998e-02	-7.009384199999999510e-01
-4.421826799999999807e-02	-6.896329599999999616e-01
-4.296748599999999918e-02	-6.557165900000000436e-01
-4.162370699999999590e-02	-6.670220499999999220e-01
-4.028629499999999974e-02	-6.331056800000000040e-01
-3.902596299999999685e-02	-7.009384199999999510e-01
-3.782474800000000525e-02	-6.218002200000000146e-01
-3.657055499999999765e-02	-6.783275100000000224e-01
-3.522813999999999807e-02	-7.009384199999999510e-01
-3.389413900000000368e-02	-6.896329599999999616e-01
-3.261561699999999953e-02	-6.331056800000000040e-01
-3.133845900000000601e-02	-6.896329599999999616e-01
-3.005038700000000132e-02	-6.557165900000000436e-01
-2.878914500000000209e-02	-7.461602399999999191e-01
-2.746423900000000140e-02	-7.009384199999999510e-01
-2.601586900000000049e-02	-6.104947699999999644e-01
-2.466390499999999986e-02	-5.991893099999999750e-01
-2.353658600000000170e-02	-6.331056800000000040e-01
-2.239221400000000056e-02	-6.444111399999999934e-01
-2.104798100000000033e-02	-6.331056800000000040e-01
-1.968283000000000185e-02	-6.557165900000000436e-01
-1.847411099999999792e-02	-6.557165900000000436e-01
-1.727767099999999792e-02	-6.783275100000000224e-01
-1.593707600000000141e-02	-6.896329599999999616e-01
-1.460398399999999867e-02	-6.670220499999999220e-01
-1.340686099999999908e-02	-6.331056800000000040e-01
-1.217995300000000031e-02	-6.444111399999999934e-01
-1.083390099999999995e-02	-6.444111399999999934e-01
-9.504447000000000936e-03	-6.557165900000000436e-01
-8.232291300000001491e-03	-5.765784000000000464e-01
-6.941718300000000036e-03	-6.557165900000000436e-01
-5.621132000000000038e-03	-6.444111399999999934e-01
-4.301000400000000272e-03	-6.557165900000000436e-01
-2.993147099999999856e-03	-7.009384199999999510e-01
-1.726448300000000104e-03	-5.991893099999999750e-01
-5.234142000000000005e-04	-7.009384199999999510e-01
6.950813299999999365e-04	-6.331056800000000040e-01
2.028173199999999936e-03	-6.218002200000000146e-01
3.438117300000000185e-03	-6.670220499999999220e-01
4.822368300000000156e-03	-6.331056800000000040e-01
6.179106999999999655e-03	-6.444111399999999934e-01
7.493554199999999561e-03	-5.539674800000000676e-01
8.688857600000000556e-03	-5.991893099999999750e-01
9.885070499999999011e-03	-5.878838499999999856e-01
1.121020399999999966e-02	-5.765784000000000464e-01
1.249213699999999864e-02	-6.331056800000000040e-01
1.366697700000000029e-02	-6.444111399999999934e-01
1.494140600000000083e-02	-5.878838499999999856e-01
1.635089600000000018e-02	-5.652729400000000570e-01
1.772673399999999747e-02	-6.444111399999999934e-01
1.898911299999999844e-02	-5.652729400000000570e-01
2.020169600000000162e-02	-5.878838499999999856e-01
2.147385200000000161e-02	-5.878838499999999856e-01
2.284104999999999816e-02	-6.444111399999999934e-01
2.422893899999999795e-02	-6.331056800000000040e-01
2.554747900000000141e-02	-5.765784000000000464e-01
2.676279099999999758e-02	-5.765784000000000464e-01
2.794831700000000030e-02	-6.444111399999999934e-01
2.920546599999999937e-02	-6.104947699999999644e-01
3.051627600000000190e-02	-5.087456599999999884e-01
3.186096399999999856e-02	-4.635237999999999858e-01
3.326590599999999787e-02	-5.426620300000000174e-01
3.461264000000000007e-02	-5.426620300000000174e-01
3.579930300000000454e-02	-5.200511099999999276e-01
3.698801300000000014e-02	-5.313565700000000280e-01
3.832110500000000114e-02	-5.200511099999999276e-01
3.965919899999999915e-02	-5.652729400000000570e-01
4.086587099999999806e-02	-4.635237999999999858e-01
4.204071000000000197e-02	-3.843855800000000045e-01
4.332923700000000655e-02	-4.409128900000000018e-01
4.472713000000000383e-02	-4.861347399999999541e-01
4.610887999999999792e-02	-4.183019800000000177e-01
4.733465200000000483e-02	-3.730801199999999596e-01
4.844719100000000056e-02	-3.052473800000000126e-01
4.972912399999999955e-02	-3.052473800000000126e-01
5.128913499999999959e-02	-2.600255599999999889e-01
5.280685400000000029e-02	-2.713310099999999836e-01
5.400943300000000252e-02	-2.713310099999999836e-01
5.507399700000000647e-02	-2.713310099999999836e-01
5.628521599999999903e-02	-2.374146200000000206e-01
5.760694000000000231e-02	-1.582764200000000010e-01
5.887022799999999667e-02	-1.582764200000000010e-01
6.011987400000000370e-02	-1.921927900000000022e-01
6.146683499999999745e-02	-1.808873300000000128e-01
6.284972199999999676e-02	-1.130545899999999965e-01
6.414438799999999663e-02	-4.522183299999999601e-02
6.533605300000000504e-02	-4.522183299999999601e-02
6.654408900000000071e-02	-3.391637699999999755e-02
6.787490699999999821e-02	-4.522183299999999601e-02
6.927461999999999509e-02	-1.130545799999999913e-02
7.059452399999999184e-02	-4.522183299999999601e-02
7.178277899999999101e-02	-2.261091699999999774e-02
7.289963799999998884e-02	3.391637699999999755e-02
7.402968499999999785e-02	7.913821000000000050e-02
7.528387899999999799e-02	6.783275300000000951e-02
7.670246300000001238e-02	1.130545899999999965e-01
7.819539899999999877e-02	1.356655099999999892e-01
7.965286400000000377e-02	1.582764200000000010e-01
8.102233600000000036e-02	1.695818799999999904e-01
8.231745599999999718e-02	1.695818799999999904e-01
8.357687900000000669e-02	2.374146200000000206e-01
8.483038999999999163e-02	3.391637499999999861e-01
8.609208599999999822e-02	2.939419299999999624e-01
8.736651599999999129e-02	3.052473800000000126e-01
8.866800299999999524e-02	3.504692099999999755e-01
9.002087599999999967e-02	3.391637499999999861e-01
9.138989299999999982e-02	3.278583000000000469e-01
9.266795999999999367e-02	3.617746700000000204e-01
9.385325899999999444e-02	3.730801199999999596e-01
9.506834399999999907e-02	4.296074300000000123e-01
9.636005400000000054e-02	4.635237999999999858e-01
9.764926300000000003e-02	4.069965199999999728e-01
9.885616199999999743e-02	4.296074300000000123e-01
1.000048500000000062e-01	4.183019800000000177e-01
1.012203900000000073e-01	4.183019800000000177e-01
1.025789500000000021e-01	4.748292299999999910e-01
1.039434199999999947e-01	5.426620300000000174e-01
1.051400899999999916e-01	5.991893099999999750e-01
1.062614999999999948e-01	5.878838499999999856e-01
1.075200099999999992e-01	5.539674800000000676e-01
1.088967599999999952e-01	6.444111399999999934e-01
1.102327999999999919e-01	5.991893099999999750e-01
1.115524799999999955e-01	6.104947699999999644e-01
1.129521900000000079e-01	7.122438700000000011e-01
1.143378099999999981e-01	6.670220499999999220e-01
1.155481199999999903e-01	7.235493299999999905e-01
1.166401900000000047e-01	7.235493299999999905e-01
1.178736999999999979e-01	7.574657000000000195e-01
1.193052399999999930e-01	8.366039499999999851e-01
1.206985900000000084e-01	8.705203200000000141e-01
1.219500500000000043e-01	8.818257800000000035e-01
1.231448999999999877e-01	9.383530599999999611e-01
1.243240600000000001e-01	9.948803999999998871e-01
1.254911700000000130e-01	9.722694899999999585e-01
1.266912500000000052e-01	9.722694899999999585e-01
1.280254799999999971e-01	9.270476100000000219e-01
1.294920400000000027e-01	9.609639799999999399e-01
1.309076700000000038e-01	9.835748899999999795e-01
1.321857300000000013e-01	1.062713100000000077e+00
1.334280999999999939e-01	1.040102199999999977e+00
1.346766100000000022e-01	1.107935000000000114e+00
1.358839699999999928e-01	1.141851299999999902e+00
1.370974600000000043e-01	1.130545899999999993e+00
1.384214599999999962e-01	1.209683999999999982e+00
1.398182099999999983e-01	1.187073100000000103e+00
1.411553999999999864e-01	1.243600400000000050e+00
1.423914000000000013e-01	1.220989499999999950e+00
1.435812499999999936e-01	1.254905799999999960e+00
1.448327100000000034e-01	1.254905799999999960e+00
1.462040000000000006e-01	1.322738699999999934e+00
1.475837099999999791e-01	1.379265900000000045e+00
1.488624499999999795e-01	1.300127800000000056e+00
1.500948200000000177e-01	1.390571400000000013e+00
1.513426499999999952e-01	1.413182299999999891e+00
1.526166199999999806e-01	1.458404199999999928e+00
1.539856400000000070e-01	1.401876799999999923e+00
1.554501499999999814e-01	1.514931400000000039e+00
1.568419099999999733e-01	1.526236900000000007e+00
1.580810900000000074e-01	1.514931400000000039e+00
1.592789000000000010e-01	1.537542299999999917e+00
1.605255900000000235e-01	1.594069699999999923e+00
1.617756899999999998e-01	1.582764100000000118e+00
1.629841799999999785e-01	1.605375100000000055e+00
1.642536099999999943e-01	1.616680600000000023e+00
1.656189900000000215e-01	1.639291500000000124e+00
1.669284299999999888e-01	1.650596999999999870e+00
1.680061800000000050e-01	1.707124200000000203e+00
1.685793899999999956e-01	1.673207899999999970e+00
1.684256899999999890e-01	1.650596999999999870e+00
1.677742599999999806e-01	1.594069699999999923e+00
1.670705399999999896e-01	1.514931400000000039e+00
1.665214299999999981e-01	1.447098700000000182e+00
1.660712299999999864e-01	1.469709600000000060e+00
1.655223499999999848e-01	1.424487700000000023e+00
1.647283599999999903e-01	1.435793300000000050e+00
1.637681600000000237e-01	1.481015100000000029e+00
1.628279700000000163e-01	1.526236900000000007e+00
1.619962399999999858e-01	1.390571400000000013e+00
1.612333999999999989e-01	1.401876799999999923e+00
1.605032999999999876e-01	1.413182299999999891e+00
1.598348299999999833e-01	1.424487700000000023e+00
1.591765800000000119e-01	1.379265900000000045e+00
1.583502999999999994e-01	1.379265900000000045e+00
1.573523599999999967e-01	1.367960500000000135e+00
1.564599199999999746e-01	1.288822300000000087e+00
1.557946199999999948e-01	1.300127800000000056e+00
1.551175000000000193e-01	1.334044099999999844e+00
1.542346099999999942e-01	1.266211399999999987e+00
1.532746399999999898e-01	1.300127800000000056e+00
1.524299500000000085e-01	1.311433200000000188e+00
1.516707499999999931e-01	1.232294900000000082e+00
1.508656200000000058e-01	1.243600400000000050e+00
1.499652200000000102e-01	1.175767699999999971e+00
1.489709100000000119e-01	1.141851299999999902e+00
1.479506900000000236e-01	1.074018499999999987e+00
1.470386899999999997e-01	1.096629499999999924e+00
1.462637999999999994e-01	1.096629499999999924e+00
1.455359799999999815e-01	1.051407600000000109e+00
1.447463100000000169e-01	1.040102199999999977e+00
1.437915700000000074e-01	9.722694899999999585e-01
1.427256399999999870e-01	9.948803999999998871e-01
1.417872699999999930e-01	9.383530599999999611e-01
1.410260200000000019e-01	9.609639799999999399e-01
1.402092900000000142e-01	9.835748899999999795e-01
1.392770599999999803e-01	9.157421500000000325e-01
1.383839400000000108e-01	8.705203200000000141e-01
1.375333300000000092e-01	9.270476100000000219e-01
1.366349800000000170e-01	8.705203200000000141e-01
1.356624999999999914e-01	8.705203200000000141e-01
1.346306799999999748e-01	9.157421500000000325e-01
1.335997699999999788e-01	8.366039499999999851e-01
1.326311599999999979e-01	8.252984999999999349e-01
1.317582700000000107e-01	7.800766099999999481e-01
1.309310800000000052e-01	7.800766099999999481e-01
1.300379600000000080e-01	7.348547900000000910e-01
1.290538900000000044e-01	7.574657000000000195e-01
1.280136500000000066e-01	7.348547900000000910e-01
1.269806900000000072e-01	7.009384199999999510e-01
1.260234500000000091e-01	6.670220499999999220e-01
1.251173699999999778e-01	6.670220499999999220e-01
1.242024200000000078e-01	6.557165900000000436e-01
1.232856400000000019e-01	7.122438700000000011e-01
1.224070700000000067e-01	6.557165900000000436e-01
1.215798900000000099e-01	6.331056800000000040e-01
1.207322399999999907e-01	6.218002200000000146e-01
1.197372499999999895e-01	6.104947699999999644e-01
1.186472199999999977e-01	5.878838499999999856e-01
1.176595100000000088e-01	5.765784000000000464e-01
1.167873100000000053e-01	5.539674800000000676e-01
1.159419299999999986e-01	5.313565700000000280e-01
1.151056500000000038e-01	4.409128900000000018e-01
1.142022899999999980e-01	4.635237999999999858e-01
1.131661499999999931e-01	4.296074300000000123e-01
1.121174999999999949e-01	4.409128900000000018e-01
1.112048300000000045e-01	4.409128900000000018e-01
1.103776399999999991e-01	4.069965199999999728e-01
1.094649600000000000e-01	4.296074300000000123e-01
1.083840300000000062e-01	4.522183499999999912e-01
1.072542100000000026e-01	4.183019800000000177e-01
1.062928699999999976e-01	3.391637499999999861e-01
1.055218500000000004e-01	3.165528400000000020e-01
1.047405900000000084e-01	3.278583000000000469e-01
1.038511099999999965e-01	2.261091699999999982e-01
1.028915900000000050e-01	3.052473800000000126e-01
1.018238399999999988e-01	2.939419299999999624e-01
1.006762900000000016e-01	2.939419299999999624e-01
9.969835400000000292e-02	2.487200999999999718e-01
9.893983600000000322e-02	1.582764200000000010e-01
9.808468299999999196e-02	5.652729299999999929e-02
9.704081100000000459e-02	5.652729299999999929e-02
9.603286300000000997e-02	1.130545899999999965e-01
9.512041300000000088e-02	9.044366599999999201e-02
9.424889000000000183e-02	1.130545899999999965e-01
9.339464699999999731e-02	2.261091699999999774e-02
9.241011899999999890e-02	-1.130545799999999913e-02
9.124710199999999660e-02	-3.391637699999999755e-02
9.015934700000000079e-02	-2.261091699999999774e-02
8.925917399999999668e-02	-2.261091699999999774e-02
8.832080300000000328e-02	-4.522183299999999601e-02
8.722417999999999838e-02	-9.044366599999999201e-02
8.613938000000000150e-02	-1.356655099999999892e-01
8.525330500000000145e-02	-5.652729299999999929e-02
8.449342199999999858e-02	-9.044366599999999201e-02
8.363576899999999870e-02	-1.243600499999999859e-01
8.265601499999999935e-02	-1.469709599999999838e-01
8.164897699999999758e-02	-1.808873300000000128e-01
8.059760100000000482e-02	-2.487200999999999718e-01
7.955031799999999487e-02	-2.939419299999999624e-01
7.863741299999998935e-02	-2.261091699999999982e-01
7.778135099999999857e-02	-2.487200999999999718e-01
7.678636399999999584e-02	-2.713310099999999836e-01
7.566882199999999670e-02	-3.052473800000000126e-01
7.463017900000000482e-02	-3.504692099999999755e-01
7.372500499999999624e-02	-3.391637499999999861e-01
7.279777500000000900e-02	-3.730801199999999596e-01
7.183075499999999614e-02	-3.956910399999999939e-01
7.094263299999999106e-02	-3.843855800000000045e-01
7.004314300000000215e-02	-3.956910399999999939e-01
6.899563200000000118e-02	-4.183019800000000177e-01
6.788559399999999355e-02	-4.635237999999999858e-01
6.683626499999999193e-02	-4.861347399999999541e-01
6.588925300000000873e-02	-5.313565700000000280e-01
6.502045800000000320e-02	-4.974401999999999435e-01
6.406958199999999992e-02	-4.974401999999999435e-01
6.293430499999999594e-02	-4.522183499999999912e-01
6.180835000000000495e-02	-4.522183499999999912e-01
6.091136099999999720e-02	-4.861347399999999541e-01
6.015693500000000166e-02	-4.861347399999999541e-01
5.928973199999999777e-02	-5.539674800000000676e-01
5.818378700000000070e-02	-6.104947699999999644e-01
5.697961600000000376e-02	-6.104947699999999644e-01
5.591641600000000351e-02	-6.444111399999999934e-01
5.499873599999999946e-02	-6.331056800000000040e-01
5.408628599999999731e-02	-5.539674800000000676e-01
5.315541800000000289e-02	-5.539674800000000676e-01
5.214224099999999890e-02	-6.331056800000000040e-01
5.098104300000000366e-02	-6.783275100000000224e-01
4.984826799999999419e-02	-6.896329599999999616e-01
4.888443099999999902e-02	-7.348547900000000910e-01
4.798630499999999993e-02	-7.122438700000000011e-01
4.702951600000000038e-02	-7.461602399999999191e-01
4.599724000000000174e-02	-7.800766099999999481e-01
4.497473999999999916e-02	-7.009384199999999510e-01
4.398020799999999980e-02	-6.783275100000000224e-01
4.290359400000000323e-02	-6.557165900000000436e-01
4.180719800000000375e-02	-7.687711600000000089e-01
4.090338699999999938e-02	-7.913820700000000485e-01
4.014213999999999977e-02	-8.252984999999999349e-01
3.925470099999999601e-02	-7.687711600000000089e-01
3.820309799999999784e-02	-7.009384199999999510e-01
3.714990299999999801e-02	-7.122438700000000011e-01
3.613149599999999906e-02	-7.574657000000000195e-01
3.513173399999999780e-02	-7.913820700000000485e-01
3.412515099999999940e-02	-7.800766099999999481e-01
3.306945499999999760e-02	-7.913820700000000485e-01
3.204081599999999974e-02	-8.139930399999999455e-01
3.107447799999999913e-02	-8.366039499999999851e-01
3.006334699999999721e-02	-8.592148699999999639e-01
2.898605099999999879e-02	-8.592148699999999639e-01
2.798333299999999912e-02	-8.139930399999999455e-01
2.714045900000000219e-02	-7.913820700000000485e-01
2.628280499999999936e-02	-8.139930399999999455e-01
2.526962800000000231e-02	-8.252984999999999349e-01
2.421324999999999866e-02	-8.592148699999999639e-01
2.315186999999999801e-02	-7.913820700000000485e-01
2.207934800000000211e-02	-8.252984999999999349e-01
2.113279200000000094e-02	-8.139930399999999455e-01
2.028741599999999909e-02	-7.913820700000000485e-01
1.933517499999999958e-02	-8.252984999999999349e-01
1.825242200000000078e-02	-7.574657000000000195e-01
1.719354300000000210e-02	-8.252984999999999349e-01
1.620765000000000053e-02	-8.252984999999999349e-01
1.521652800000000173e-02	-8.592148699999999639e-01
1.418925400000000010e-02	-8.252984999999999349e-01
1.314401700000000089e-02	-8.479094099999999745e-01
1.207490599999999983e-02	-8.705203200000000141e-01
1.103035200000000021e-02	-8.252984999999999349e-01
1.009289000000000019e-02	-8.479094099999999745e-01
9.205450599999999775e-03	-8.479094099999999745e-01
8.231381799999999693e-03	-8.592148699999999639e-01
7.188418700000000043e-03	-8.026875300000000379e-01
6.206846599999999575e-03	-8.026875300000000379e-01
5.314404899999999876e-03	-8.139930399999999455e-01
4.390130900000000641e-03	-8.366039499999999851e-01
3.275317800000000085e-03	-8.366039499999999851e-01
1.996568200000000282e-03	-8.479094099999999745e-01
8.280949300000000008e-04	-8.931312399999999929e-01
-7.298694999999999413e-05	-8.366039499999999851e-01
-8.622009800000000196e-04	-8.705203200000000141e-01
-1.741455000000000043e-03	-8.252984999999999349e-01
-2.773731500000000370e-03	-8.479094099999999745e-01
-3.903096499999999733e-03	-8.592148699999999639e-01
-5.011315799999999966e-03	-8.818257800000000035e-01
-6.011305199999999842e-03	-8.931312399999999929e-01
-6.962636700000000151e-03	-9.044366899999999321e-01
-7.987182499999998658e-03	-9.044366899999999321e-01
-9.018094699999999742e-03	-8.252984999999999349e-01
-9.950554199999999544e-03	-8.026875300000000379e-01
-1.090484100000000019e-02	-7.800766099999999481e-01
-1.199464400000000049e-02	-8.818257800000000035e-01
-1.311377700000000007e-02	-8.139930399999999455e-01
-1.411626700000000005e-02	-7.574657000000000195e-01
-1.502507999999999969e-02	-7.235493299999999905e-01
-1.599300999999999848e-02	-7.687711600000000089e-01
-1.708349400000000115e-02	-7.913820700000000485e-01
-1.818853000000000136e-02	-8.026875300000000379e-01
-1.919033800000000123e-02	-7.009384199999999510e-01
-2.012484399999999937e-02	-7.235493299999999905e-01
-2.108208699999999935e-02	-7.687711600000000089e-01
-2.204455999999999777e-02	-8.366039499999999851e-01
-2.302863299999999974e-02	-8.139930399999999455e-01
-2.412752999999999773e-02	-7.461602399999999191e-01
-2.525871399999999808e-02	-7.687711600000000089e-01
-2.623141899999999888e-02	-7.800766099999999481e-01
-2.705905899999999989e-02	-7.574657000000000195e-01
-2.793899500000000119e-02	-7.574657000000000195e-01
-2.895944799999999875e-02	-7.574657000000000195e-01
-2.999445300000000078e-02	-7.687711600000000089e-01
-3.098671199999999959e-02	-8.026875300000000379e-01
-3.204786499999999483e-02	-8.252984999999999349e-01
-3.315221899999999666e-02	-8.252984999999999349e-01
-3.415948399999999691e-02	-8.252984999999999349e-01
-3.507943799999999751e-02	-8.366039499999999851e-01
-3.599529900000000143e-02	-8.026875300000000379e-01
-3.697300599999999576e-02	-7.800766099999999481e-01
-3.806303500000000201e-02	-7.913820700000000485e-01
-3.920081300000000102e-02	-7.574657000000000195e-01
-4.029357100000000025e-02	-7.800766099999999481e-01
-4.137450599999999840e-02	-7.913820700000000485e-01
-4.246453499999999770e-02	-7.913820700000000485e-01
-4.348998999999999920e-02	-8.026875300000000379e-01
-4.444382300000000036e-02	-7.913820700000000485e-01
-4.537491800000000020e-02	-7.574657000000000195e-01
-4.627895599999999610e-02	-7.687711600000000089e-01
-4.719095200000000129e-02	-7.461602399999999191e-01
-4.821799799999999803e-02	-7.348547900000000910e-01
-4.936987399999999415e-02	-7.122438700000000011e-01
-5.050264900000000362e-02	-7.574657000000000195e-01
-5.153924600000000383e-02	-7.913820700000000485e-01
-5.260335500000000442e-02	-7.461602399999999191e-01
-5.373522099999999968e-02	-6.896329599999999616e-01
-5.477158999999999500e-02	-7.687711600000000089e-01
-5.571882899999999750e-02	-7.122438700000000011e-01
-5.670835899999999985e-02	-7.687711600000000089e-01
-5.767378800000000361e-02	-7.461602399999999191e-01
-5.857350500000000487e-02	-6.783275100000000224e-01
-5.952301800000000392e-02	-7.574657000000000195e-01
-6.059576699999999483e-02	-7.687711600000000089e-01
-6.176287599999999434e-02	-7.122438700000000011e-01
-6.289496899999999502e-02	-7.687711600000000089e-01
-6.393452199999999364e-02	-7.348547900000000910e-01
-6.499703900000000645e-02	-6.670220499999999220e-01
-6.611526299999999357e-02	-7.461602399999999191e-01
-6.717868899999999976e-02	-7.122438700000000011e-01
-6.815707799999999594e-02	-7.574657000000000195e-01
-6.911955100000000130e-02	-7.574657000000000195e-01
-7.009202800000000066e-02	-7.687711600000000089e-01
-7.105450100000000602e-02	-7.574657000000000195e-01
-7.204880599999999302e-02	-7.574657000000000195e-01
-7.316998600000000630e-02	-8.139930399999999455e-01
-7.440007700000000890e-02	-7.913820700000000485e-01
-7.553671800000000269e-02	-8.139930399999999455e-01
-7.643507200000000668e-02	-7.913820700000000485e-01
-7.724224799999999946e-02	-7.913820700000000485e-01
-7.821677200000000385e-02	-7.235493299999999905e-01
-7.939570399999999750e-02	-7.235493299999999905e-01
-8.057622799999999974e-02	-7.687711600000000089e-01
-8.161532600000000193e-02	-7.235493299999999905e-01
-8.256984099999999105e-02	-7.800766099999999481e-01
-8.351662499999999711e-02	-7.574657000000000195e-01
-8.448887500000000494e-02	-8.139930399999999455e-01
-8.551432999999999951e-02	-8.026875300000000379e-01
-8.653637499999999871e-02	-7.348547900000000910e-01
-8.752294900000000266e-02	-7.461602399999999191e-01
-8.861934500000000214e-02	-7.800766099999999481e-01
-8.985352900000000143e-02	-7.574657000000000195e-01
-9.093901100000000015e-02	-7.800766099999999481e-01
-9.175209900000000363e-02	-7.461602399999999191e-01
-9.258087600000000639e-02	-7.461602399999999191e-01
-9.362725000000000908e-02	-7.348547900000000910e-01
-9.474228999999999290e-02	-7.800766099999999481e-01
-9.574205300000000751e-02	-7.800766099999999481e-01
-9.669065500000000035e-02	-7.687711600000000089e-01
-9.778182200000000435e-02	-7.913820700000000485e-01
-9.901850700000000560e-02	-7.122438700000000011e-01
-1.001799300000000004e-01	-7.348547900000000910e-01
-1.011146699999999898e-01	-7.122438700000000011e-01
-1.019136600000000031e-01	-7.687711600000000089e-01
-1.027833599999999903e-01	-8.026875300000000379e-01
-1.038317799999999985e-01	-7.574657000000000195e-01
-1.049763800000000080e-01	-7.687711600000000089e-01
-1.060555000000000109e-01	-7.800766099999999481e-01
-1.070309299999999963e-01	-8.139930399999999455e-01
-1.079899900000000079e-01	-8.139930399999999455e-01
-1.089704300000000070e-01	-8.026875300000000379e-01
-1.099622300000000080e-01	-7.800766099999999481e-01
-1.109870000000000023e-01	-7.122438700000000011e-01
-1.120717999999999992e-01	-7.461602399999999191e-01
-1.132104899999999970e-01	-7.800766099999999481e-01
-1.143052899999999900e-01	-7.687711600000000089e-01
-1.152627599999999919e-01	-8.026875300000000379e-01
-1.162256899999999926e-01	-7.574657000000000195e-01
-1.173796099999999953e-01	-7.800766099999999481e-01
-1.185946999999999973e-01	-7.574657000000000195e-01
-1.196565300000000109e-01	-7.348547900000000910e-01
-1.206362899999999932e-01	-7.348547900000000910e-01
-1.216771999999999992e-01	-7.913820700000000485e-01
-1.227083399999999991e-01	-7.461602399999999191e-01
-1.236787699999999934e-01	-7.235493299999999905e-01
-1.246867200000000009e-01	-7.348547900000000910e-01
-1.257351400000000230e-01	-7.122438700000000011e-01
-1.267744700000000002e-01	-7.461602399999999191e-01
-1.278544900000000151e-01	-7.687711600000000089e-01
-1.289618000000000153e-01	-8.705203200000000141e-01
-1.299681599999999992e-01	-8.139930399999999455e-01
-1.308248999999999940e-01	-7.348547900000000910e-01
-1.316830100000000170e-01	-7.913820700000000485e-01
-1.327298399999999878e-01	-8.026875300000000379e-01
-1.339192300000000002e-01	-9.044366899999999321e-01
-1.350704199999999966e-01	-8.592148699999999639e-01
-1.361458999999999864e-01	-7.800766099999999481e-01
-1.372207000000000010e-01	-7.574657000000000195e-01
-1.383375500000000036e-01	-8.026875300000000379e-01
-1.394446400000000086e-01	-7.800766099999999481e-01
-1.404182499999999945e-01	-7.687711600000000089e-01
-1.413000100000000037e-01	-8.479094099999999745e-01
-1.423020400000000185e-01	-8.252984999999999349e-01
-1.433788799999999863e-01	-8.252984999999999349e-01
-1.443058899999999922e-01	-8.366039499999999851e-01
-1.452049200000000151e-01	-8.252984999999999349e-01
-1.463301899999999989e-01	-8.139930399999999455e-01
-1.476121300000000081e-01	-8.252984999999999349e-01
-1.488347200000000037e-01	-8.139930399999999455e-01
-1.498931400000000080e-01	-8.139930399999999455e-01
-1.508453800000000011e-01	-8.026875300000000379e-01
-1.518487799999999888e-01	-8.026875300000000379e-01
-1.529333499999999957e-01	-7.574657000000000195e-01
-1.539849600000000041e-01	-7.800766099999999481e-01
-1.549706200000000034e-01	-8.252984999999999349e-01
-1.559508300000000125e-01	-8.479094099999999745e-01
-1.569792399999999921e-01	-7.461602399999999191e-01
-1.580940500000000137e-01	-7.348547900000000910e-01
-1.592370599999999858e-01	-8.026875300000000379e-01
-1.602811600000000058e-01	-7.800766099999999481e-01
-1.612661399999999745e-01	-8.139930399999999455e-01
-1.623288900000000035e-01	-7.461602399999999191e-01
-1.634218699999999969e-01	-7.122438700000000011e-01
-1.644152700000000022e-01	-7.461602399999999191e-01
-1.653672800000000054e-01	-8.139930399999999455e-01
-1.664316200000000023e-01	-8.139930399999999455e-01
-1.675994100000000042e-01	-8.139930399999999455e-01
-1.687512800000000035e-01	-7.800766099999999481e-01
-1.698272200000000010e-01	-7.687711600000000089e-01
-1.708208400000000016e-01	-7.913820700000000485e-01
-1.717980899999999866e-01	-8.479094099999999745e-01
-1.728717500000000185e-01	-8.592148699999999639e-01
-1.740524999999999989e-01	-8.139930399999999455e-01
-1.752130199999999971e-01	-7.913820700000000485e-01
-1.762145999999999990e-01	-7.913820700000000485e-01
-1.771004500000000204e-01	-8.139930399999999455e-01
-1.780399500000000024e-01	-8.479094099999999745e-01
-1.790870099999999909e-01	-8.026875300000000379e-01
-1.801688499999999915e-01	-8.026875300000000379e-01
-1.811927200000000016e-01	-7.800766099999999481e-01
-1.821722399999999853e-01	-8.026875300000000379e-01
-1.832168000000000130e-01	-7.913820700000000485e-01
-1.843620799999999837e-01	-8.026875300000000379e-01
-1.855441999999999925e-01	-8.931312399999999929e-01
-1.866494599999999893e-01	-8.479094099999999745e-01
-1.876269400000000198e-01	-8.366039499999999851e-01
-1.885739500000000179e-01	-9.270476100000000219e-01
-1.896009999999999918e-01	-9.270476100000000219e-01
-1.906926200000000071e-01	-9.383530599999999611e-01
-1.917455799999999988e-01	-9.383530599999999611e-01
-1.928015100000000093e-01	-9.270476100000000219e-01
-1.940193199999999951e-01	-9.157421500000000325e-01
-1.953053500000000164e-01	-8.252984999999999349e-01
-1.964444899999999994e-01	-9.157421500000000325e-01
-1.974610799999999833e-01	-9.044366899999999321e-01
-1.984637900000000010e-01	-9.044366899999999321e-01
-1.994794699999999921e-01	-9.157421500000000325e-01
-2.005017399999999839e-01	-8.705203200000000141e-01
-2.014689900000000145e-01	-8.479094099999999745e-01
-2.023430199999999846e-01	-9.044366899999999321e-01
-2.032452399999999937e-01	-8.931312399999999929e-01
-2.043097999999999859e-01	-8.139930399999999455e-01
-2.054562199999999950e-01	-8.931312399999999929e-01
-2.065371500000000027e-01	-8.931312399999999929e-01
-2.075598800000000022e-01	-8.705203200000000141e-01
-2.085691899999999877e-01	-8.705203200000000141e-01
-2.095580400000000010e-01	-9.270476100000000219e-01
-2.105534799999999873e-01	-9.722694899999999585e-01
-2.115677900000000056e-01	-9.270476100000000219e-01
-2.125893799999999945e-01	-9.157421500000000325e-01
-2.136987399999999981e-01	-9.044366899999999321e-01
-2.148831300000000055e-01	-9.835748899999999795e-01
-2.159326899999999827e-01	-9.383530599999999611e-01
-2.168844699999999959e-01	-9.044366899999999321e-01
-2.180011099999999979e-01	-8.818257800000000035e-01
-2.192054999999999976e-01	-8.705203200000000141e-01
-2.202536999999999967e-01	-9.044366899999999321e-01
-2.212061600000000128e-01	-9.383530599999999611e-01
-2.222366199999999958e-01	-9.270476100000000219e-01
-2.233361999999999847e-01	-9.270476100000000219e-01
-2.244155399999999967e-01	-8.818257800000000035e-01
-2.254730600000000029e-01	-9.157421500000000325e-01
-2.265610399999999913e-01	-9.383530599999999611e-01
-2.277037100000000036e-01	-9.157421500000000325e-01
-2.288827499999999959e-01	-8.592148699999999639e-01
-2.300273499999999915e-01	-8.252984999999999349e-01
-2.310812299999999986e-01	-8.705203200000000141e-01
-2.320858799999999944e-01	-9.270476100000000219e-01
-2.331117900000000132e-01	-9.496584599999999821e-01
-2.341630500000000115e-01	-9.609639799999999399e-01
-2.352267100000000055e-01	-8.931312399999999929e-01
-2.363054799999999844e-01	-8.705203200000000141e-01
-2.373883499999999980e-01	-8.931312399999999929e-01
-2.385102100000000003e-01	-9.157421500000000325e-01
-2.396647000000000083e-01	-9.383530599999999611e-01
-2.407032299999999903e-01	-9.496584599999999821e-01
-2.416378500000000151e-01	-9.044366899999999321e-01
-2.426954799999999912e-01	-9.270476100000000219e-01
-2.438630399999999754e-01	-9.270476100000000219e-01
-2.449198700000000117e-01	-8.931312399999999929e-01
-2.458915599999999813e-01	-8.705203200000000141e-01
-2.469363400000000319e-01	-9.270476100000000219e-01
-2.479887400000000131e-01	-8.931312399999999929e-01
-2.489506400000000008e-01	-8.366039499999999851e-01
-2.499418800000000052e-01	-8.479094099999999745e-01
-2.510624900000000270e-01	-8.479094099999999745e-01
-2.522195899999999935e-01	-8.366039499999999851e-01
-2.533253099999999702e-01	-8.931312399999999929e-01
-2.544049899999999975e-01	-8.592148699999999639e-01
-2.554902499999999743e-01	-8.592148699999999639e-01
-2.565789099999999934e-01	-9.383530599999999611e-01
-2.576537099999999803e-01	-9.157421500000000325e-01
-2.586718900000000154e-01	-8.931312399999999929e-01
-2.596488000000000129e-01	-9.609639799999999399e-01
-2.606852800000000192e-01	-9.948803999999998871e-01
-2.618237400000000270e-01	-9.722694899999999585e-01
-2.630162000000000333e-01	-9.270476100000000219e-01
-2.641930900000000193e-01	-8.931312399999999929e-01
-2.652998300000000143e-01	-9.270476100000000219e-01
-2.663716700000000048e-01	-8.931312399999999929e-01
-2.675168399999999780e-01	-9.270476100000000219e-01
-2.687074799999999986e-01	-8.479094099999999745e-01
-2.697746599999999995e-01	-8.592148699999999639e-01
-2.707209900000000502e-01	-8.705203200000000141e-01
-2.717279100000000169e-01	-9.044366899999999321e-01
-2.727848599999999624e-01	-9.157421500000000325e-01
-2.737439199999999739e-01	-9.157421500000000325e-01
-2.747043499999999860e-01	-9.157421500000000325e-01
-2.758437200000000145e-01	-9.157421500000000325e-01
-2.770801800000000092e-01	-9.383530599999999611e-01
-2.782544499999999865e-01	-9.044366899999999321e-01
-2.793153699999999517e-01	-9.496584599999999821e-01
-2.802498800000000068e-01	-9.609639799999999399e-01
-2.811365200000000009e-01	-9.609639799999999399e-01
-2.822073400000000287e-01	-9.496584599999999821e-01
-2.835479300000000036e-01	-9.948803999999998871e-01
-2.848470300000000011e-01	-1.040102199999999977e+00
-2.858145099999999661e-01	-9.270476100000000219e-01
-2.866156599999999943e-01	-9.609639799999999399e-01
-2.875699500000000186e-01	-9.948803999999998871e-01
-2.887013600000000180e-01	-9.157421500000000325e-01
-2.898176499999999822e-01	-9.270476100000000219e-01
-2.908836900000000281e-01	-9.157421500000000325e-01
-2.920377299999999954e-01	-9.496584599999999821e-01
-2.932759999999999811e-01	-9.157421500000000325e-01
-2.944430000000000103e-01	-9.383530599999999611e-01
-2.954653799999999997e-01	-9.496584599999999821e-01
-2.964285400000000181e-01	-9.383530599999999611e-01
-2.974949199999999960e-01	-9.609639799999999399e-01
-2.987012499999999737e-01	-9.835748899999999795e-01
-2.998702899999999838e-01	-9.722694899999999585e-01
-3.008774499999999907e-01	-9.383530599999999611e-01
-3.018629999999999924e-01	-9.044366899999999321e-01
-3.029497300000000282e-01	-8.931312399999999929e-01
-3.040253200000000433e-01	-9.270476100000000219e-01
-3.050156500000000270e-01	-8.479094099999999745e-01
-3.059983599999999693e-01	-8.026875300000000379e-01
-3.070281300000000102e-01	-9.157421500000000325e-01
-3.081087200000000026e-01	-9.383530599999999611e-01
-3.092119400000000184e-01	-9.496584599999999821e-01
-3.102772999999999781e-01	-9.157421500000000325e-01
-3.112850200000000234e-01	-9.157421500000000325e-01
-3.123044500000000112e-01	-8.931312399999999929e-01
-3.134064199999999634e-01	-8.705203200000000141e-01
-3.145557900000000018e-01	-8.931312399999999929e-01
-3.156919800000000387e-01	-9.157421500000000325e-01
-3.167918999999999596e-01	-9.383530599999999611e-01
-3.178339500000000317e-01	-9.157421500000000325e-01
-3.189089700000000138e-01	-8.818257800000000035e-01
-3.201264500000000068e-01	-9.383530599999999611e-01
-3.213159500000000168e-01	-9.496584599999999821e-01
-3.222913799999999607e-01	-9.948803999999998871e-01
-3.232124799999999687e-01	-9.722694899999999585e-01
-3.242631699999999895e-01	-9.496584599999999821e-01
-3.253639999999999866e-01	-9.948803999999998871e-01
-3.264154899999999748e-01	-8.931312399999999929e-01
-3.274938099999999963e-01	-9.383530599999999611e-01
-3.286775200000000008e-01	-9.157421500000000325e-01
-3.298704299999999923e-01	-9.948803999999998871e-01
-3.309919500000000347e-01	-9.383530599999999611e-01
-3.321037000000000017e-01	-8.931312399999999929e-01
-3.332065699999999797e-01	-8.931312399999999929e-01
-3.342626100000000156e-01	-9.496584599999999821e-01
-3.353172799999999953e-01	-9.496584599999999821e-01
-3.363850299999999738e-01	-8.931312399999999929e-01
-3.374527800000000077e-01	-9.609639799999999399e-01
-3.385376900000000022e-01	-9.496584599999999821e-01
-3.396261300000000261e-01	-9.383530599999999611e-01
-3.407130899999999962e-01	-9.270476100000000219e-01
-3.418385899999999977e-01	-9.270476100000000219e-01
-3.429736399999999685e-01	-9.270476100000000219e-01
-3.440715100000000248e-01	-9.270476100000000219e-01
-3.451852999999999727e-01	-9.157421500000000325e-01
-3.462925000000000031e-01	-8.818257800000000035e-01
-3.472945299999999902e-01	-9.722694899999999585e-01
-3.482861099999999821e-01	-9.270476100000000219e-01
-3.494259299999999957e-01	-8.818257800000000035e-01
-3.506382900000000191e-01	-8.479094099999999745e-01
-3.517769800000000169e-01	-8.818257800000000035e-01
-3.528203899999999837e-01	-9.044366899999999321e-01
-3.537294299999999558e-01	-8.818257800000000035e-01
-3.545654899999999832e-01	-9.044366899999999321e-01
-3.555969700000000122e-01	-9.270476100000000219e-01
-3.568644599999999945e-01	-9.609639799999999399e-01
-3.581220700000000146e-01	-9.609639799999999399e-01
-3.592822399999999750e-01	-9.722694899999999585e-01
-3.604002399999999828e-01	-9.496584599999999821e-01
-3.614574099999999790e-01	-9.496584599999999821e-01
-3.624448900000000195e-01	-9.609639799999999399e-01
-3.634753499999999748e-01	-8.818257800000000035e-01
-3.646721299999999832e-01	-9.835748899999999795e-01
-3.659524699999999742e-01	-9.609639799999999399e-01
-3.671124199999999949e-01	-9.270476100000000219e-01
-3.680978599999999989e-01	-9.383530599999999611e-01
-3.690638600000000213e-01	-9.383530599999999611e-01
-3.702324399999999960e-01	-9.383530599999999611e-01
-3.715448399999999873e-01	-9.383530599999999611e-01
-3.727028599999999692e-01	-9.722694899999999585e-01
-3.737193300000000162e-01	-9.835748899999999795e-01
-3.747894700000000134e-01	-9.383530599999999611e-01
-3.758370899999999848e-01	-9.722694899999999585e-01
-3.768042199999999675e-01	-9.609639799999999399e-01
-3.778635600000000427e-01	-9.496584599999999821e-01
-3.790395299999999579e-01	-9.835748899999999795e-01
-3.801570799999999806e-01	-9.722694899999999585e-01
-3.812174300000000238e-01	-9.383530599999999611e-01
-3.823324700000000353e-01	-9.609639799999999399e-01
-3.834359200000000412e-01	-9.496584599999999821e-01
-3.844320399999999749e-01	-9.496584599999999821e-01
-3.853576799999999802e-01	-9.383530599999999611e-01
-3.863150399999999984e-01	-9.722694899999999585e-01
-3.874294000000000349e-01	-9.609639799999999399e-01
-3.887212199999999784e-01	-1.040102199999999977e+00
-3.900073599999999696e-01	-9.948803999999998871e-01
-3.911308099999999954e-01	-9.835748899999999795e-01
-3.921733200000000474e-01	-1.028796700000000008e+00
-3.932876799999999728e-01	-9.496584599999999821e-01
-3.945051499999999711e-01	-1.006185799999999908e+00
-3.957599099999999925e-01	-9.835748899999999795e-01
-3.969328200000000195e-01	-9.496584599999999821e-01
-3.979247399999999990e-01	-9.948803999999998871e-01
-3.988226400000000060e-01	-1.017491299999999876e+00
-3.998419500000000015e-01	-1.017491299999999876e+00
-4.010196300000000158e-01	-9.835748899999999795e-01
-4.022076599999999669e-01	-9.835748899999999795e-01
-4.033414599999999850e-01	-9.948803999999998871e-01
-4.044625299999999868e-01	-9.948803999999998871e-01
-4.055644899999999997e-01	-9.948803999999998871e-01
-4.065873299999999690e-01	-1.074018499999999987e+00
-4.075226299999999968e-01	-1.006185799999999908e+00
-4.084411100000000516e-01	-9.835748899999999795e-01
-4.094215499999999675e-01	-1.028796700000000008e+00
-4.104998699999999889e-01	-1.040102199999999977e+00
-4.116292300000000126e-01	-9.609639799999999399e-01
-4.127315400000000079e-01	-9.609639799999999399e-01
-4.138247500000000190e-01	-9.948803999999998871e-01
-4.149476400000000065e-01	-1.017491299999999876e+00
-4.160587000000000035e-01	-1.040102199999999977e+00
-4.171678299999999617e-01	-9.835748899999999795e-01
-4.183685899999999847e-01	-9.609639799999999399e-01
-4.196117500000000056e-01	-1.028796700000000008e+00
-4.206980300000000006e-01	-1.085324100000000014e+00
-4.216388999999999831e-01	-1.006185799999999908e+00
-4.226947100000000290e-01	-9.948803999999998871e-01
-4.239624300000000012e-01	-9.948803999999998871e-01
-4.252360700000000215e-01	-9.948803999999998871e-01
-4.263146099999999827e-01	-1.017491299999999876e+00
-4.272522999999999738e-01	-9.722694899999999585e-01
-4.282026099999999835e-01	-9.835748899999999795e-01
-4.292236300000000226e-01	-9.722694899999999585e-01
-4.303552700000000120e-01	-9.609639799999999399e-01
-4.316086699999999721e-01	-9.496584599999999821e-01
-4.328487599999999991e-01	-9.835748899999999795e-01
-4.339224199999999754e-01	-1.017491299999999876e+00
-4.348704600000000142e-01	-9.948803999999998871e-01
-4.358671499999999810e-01	-9.609639799999999399e-01
-4.369906000000000068e-01	-8.818257800000000035e-01
-4.381600999999999968e-01	-8.931312399999999929e-01
-4.393063999999999858e-01	-9.496584599999999821e-01
-4.404596399999999856e-01	-9.270476100000000219e-01
-4.416086800000000312e-01	-1.006185799999999908e+00
-4.426756300000000421e-01	-9.722694899999999585e-01
-4.436924399999999657e-01	-9.157421500000000325e-01
-4.447650800000000348e-01	-9.383530599999999611e-01
-4.458584000000000436e-01	-9.835748899999999795e-01
-4.468826099999999579e-01	-9.496584599999999821e-01
-4.479284099999999991e-01	-1.017491299999999876e+00
-4.490852900000000258e-01	-9.270476100000000219e-01
-4.502653600000000034e-01	-9.044366899999999321e-01
-4.514374700000000074e-01	-8.931312399999999929e-01
-4.525941200000000442e-01	-8.931312399999999929e-01
-4.536506099999999542e-01	-8.931312399999999929e-01
-4.546711800000000081e-01	-9.157421500000000325e-01
-4.557800799999999763e-01	-9.270476100000000219e-01
-4.569263899999999601e-01	-9.496584599999999821e-01
-4.580264199999999897e-01	-9.157421500000000325e-01
-4.590964399999999945e-01	-9.496584599999999821e-01
-4.601769199999999893e-01	-9.157421500000000325e-01
-4.612568299999999510e-01	-9.496584599999999821e-01
-4.623349199999999826e-01	-9.270476100000000219e-01
-4.634823699999999769e-01	-9.496584599999999821e-01
-4.646893799999999852e-01	-9.383530599999999611e-01
-4.658581900000000053e-01	-9.270476100000000219e-01
-4.669753900000000457e-01	-9.157421500000000325e-01
-4.680774699999999955e-01	-8.818257800000000035e-01
-4.691994500000000179e-01	-8.818257800000000035e-01
-4.703512100000000196e-01	-8.705203200000000141e-01
-4.714801200000000025e-01	-9.383530599999999611e-01
-4.725676500000000058e-01	-9.157421500000000325e-01
-4.736961000000000088e-01	-9.383530599999999611e-01
-4.749017500000000114e-01	-9.044366899999999321e-01
-4.760628400000000426e-01	-9.157421500000000325e-01
-4.771413800000000038e-01	-8.705203200000000141e-01
-4.783275899999999692e-01	-9.044366899999999321e-01
-4.796725099999999409e-01	-9.157421500000000325e-01
-4.808910000000000129e-01	-9.157421500000000325e-01
-4.817987900000000323e-01	-9.496584599999999821e-01
-4.826288199999999584e-01	-9.383530599999999611e-01
-4.836435899999999566e-01	-8.818257800000000035e-01
-4.847888699999999829e-01	-9.044366899999999321e-01
-4.859230099999999886e-01	-9.496584599999999821e-01
-4.870115599999999545e-01	-9.044366899999999321e-01
-4.880817000000000627e-01	-9.044366899999999321e-01
-4.892092399999999897e-01	-9.157421500000000325e-01
-4.904173899999999531e-01	-9.044366899999999321e-01
-4.916049599999999797e-01	-9.383530599999999611e-01
-4.927153400000000016e-01	-8.818257800000000035e-01
-4.938352699999999929e-01	-8.931312399999999929e-01
-4.950262599999999957e-01	-8.931312399999999929e-01
-4.962147399999999875e-01	-8.818257800000000035e-01
-4.973003300000000126e-01	-8.818257800000000035e-01
-4.982802000000000064e-01	-9.496584599999999821e-01
-4.992659799999999981e-01	-9.835748899999999795e-01
-5.003495300000000423e-01	-9.270476100000000219e-01
-5.015019700000000746e-01	-8.931312399999999929e-01
-5.026596500000000134e-01	-9.044366899999999321e-01
-5.038055000000000172e-01	-9.383530599999999611e-01
-5.049504400000000004e-01	-9.835748899999999795e-01
-5.061133399999999671e-01	-9.609639799999999399e-01
-5.073120500000000144e-01	-9.270476100000000219e-01
-5.084986000000000228e-01	-8.931312399999999929e-01
-5.095805599999999602e-01	-8.931312399999999929e-01
-5.105954400000000115e-01	-9.383530599999999611e-01
-5.116841099999999143e-01	-9.835748899999999795e-01
-5.128274600000000127e-01	-9.270476100000000219e-01
-5.138327900000000392e-01	-8.818257800000000035e-01
-5.147187500000000027e-01	-9.496584599999999821e-01
-5.158223100000000061e-01	-9.270476100000000219e-01
-5.172296400000000460e-01	-9.383530599999999611e-01
-5.185831899999999717e-01	-9.383530599999999611e-01
-5.196945900000000673e-01	-8.818257800000000035e-01
-5.207041300000000428e-01	-8.931312399999999929e-01
-5.217285699999999471e-01	-9.722694899999999585e-01
-5.228332600000000774e-01	-9.157421500000000325e-01
-5.240210600000000385e-01	-9.609639799999999399e-01
-5.251866899999999561e-01	-9.044366899999999321e-01
-5.262918399999999552e-01	-8.705203200000000141e-01
-5.273938099999999629e-01	-8.818257800000000035e-01
-5.285039599999999949e-01	-9.044366899999999321e-01
-5.295834200000000269e-01	-9.496584599999999821e-01
-5.306686700000000645e-01	-8.931312399999999929e-01
-5.318415800000000360e-01	-9.496584599999999821e-01
-5.330175600000000014e-01	-9.722694899999999585e-01
-5.340527899999999439e-01	-9.044366899999999321e-01
-5.350535699999999784e-01	-9.383530599999999611e-01
-5.362189800000000117e-01	-9.609639799999999399e-01
-5.374845400000000106e-01	-9.383530599999999611e-01
-5.386597200000000640e-01	-8.931312399999999929e-01
-5.397407699999999808e-01	-8.705203200000000141e-01
-5.408290900000000123e-01	-8.705203200000000141e-01
-5.419867600000000118e-01	-8.931312399999999929e-01
-5.432185600000000170e-01	-9.270476100000000219e-01
-5.444447900000000118e-01	-9.157421500000000325e-01
-5.456281499999999784e-01	-9.157421500000000325e-01
-5.467998099999999972e-01	-8.705203200000000141e-01
-5.478856300000000124e-01	-8.366039499999999851e-01
-5.488237799999999833e-01	-8.592148699999999639e-01
-5.497826100000000604e-01	-8.818257800000000035e-01
-5.509037900000000043e-01	-9.383530599999999611e-01
-5.520806799999999903e-01	-8.705203200000000141e-01
-5.532380099999999468e-01	-9.157421500000000325e-01
-5.544105799999999862e-01	-8.705203200000000141e-01
-5.555476700000000490e-01	-8.818257800000000035e-01
-5.566003000000000478e-01	-9.383530599999999611e-01
-5.576467899999999478e-01	-9.609639799999999399e-01
-5.588076400000000499e-01	-9.157421500000000325e-01
-5.600950300000000492e-01	-8.931312399999999929e-01
-5.613804900000000098e-01	-8.705203200000000141e-01
-5.625861400000000678e-01	-8.705203200000000141e-01
-5.637441499999999994e-01	-8.592148699999999639e-01
-5.648220200000000357e-01	-8.479094099999999745e-01
-5.658023399999999592e-01	-9.044366899999999321e-01
-5.668167699999999698e-01	-9.157421500000000325e-01
-5.679411300000000162e-01	-9.270476100000000219e-01
-5.691041500000000308e-01	-9.044366899999999321e-01
-5.702291899999999414e-01	-8.366039499999999851e-01
-5.713011400000000961e-01	-8.931312399999999929e-01
-5.723684399999999783e-01	-8.366039499999999851e-01
-5.734872300000000145e-01	-8.592148699999999639e-01
-5.746525200000000000e-01	-8.366039499999999851e-01
-5.758148499999999892e-01	-8.366039499999999851e-01
-5.769550199999999851e-01	-8.705203200000000141e-01
-5.781216699999999209e-01	-8.026875300000000379e-01
-5.793342599999999898e-01	-9.044366899999999321e-01
-5.805368300000000037e-01	-9.270476100000000219e-01
-5.817150800000000510e-01	-8.139930399999999455e-01
-5.828792400000000207e-01	-7.800766099999999481e-01
-5.839641500000000152e-01	-8.479094099999999745e-01
-5.849756200000000295e-01	-8.818257800000000035e-01
-5.860813400000000062e-01	-8.818257800000000035e-01
-5.873282600000000464e-01	-8.705203200000000141e-01
-5.885304999999999565e-01	-8.139930399999999455e-01
-5.896256399999999509e-01	-8.366039499999999851e-01
-5.907509100000000180e-01	-8.592148699999999639e-01
-5.919041500000000733e-01	-8.931312399999999929e-01
-5.929830400000000168e-01	-9.157421500000000325e-01
-5.940360100000000587e-01	-8.818257800000000035e-01
-5.951416099999999876e-01	-8.931312399999999929e-01
-5.962903099999999901e-01	-9.270476100000000219e-01
-5.974467300000000369e-01	-9.044366899999999321e-01
-5.985487000000000446e-01	-8.705203200000000141e-01
-5.996244000000000574e-01	-8.592148699999999639e-01
-6.007948100000000125e-01	-9.044366899999999321e-01
-6.019902200000000203e-01	-9.044366899999999321e-01
-6.030923000000000256e-01	-8.818257800000000035e-01
-6.041968799999999362e-01	-9.044366899999999321e-01
-6.053769500000000248e-01	-8.592148699999999639e-01
-6.065799899999999578e-01	-8.705203200000000141e-01
-6.077119699999999902e-01	-8.931312399999999929e-01
-6.087319700000000111e-01	-9.157421500000000325e-01
-6.098014200000000384e-01	-9.157421500000000325e-01
-6.110031999999999686e-01	-9.383530599999999611e-01
-6.121125599999999167e-01	-8.818257800000000035e-01
-6.130663899999999611e-01	-9.157421500000000325e-01
-6.141364099999999659e-01	-8.931312399999999929e-01
-6.154111799999999466e-01	-9.270476100000000219e-01
-6.166546900000000608e-01	-9.383530599999999611e-01
-6.177109500000000919e-01	-9.496584599999999821e-01
-6.187272000000000327e-01	-9.157421500000000325e-01
-6.199322800000000022e-01	-9.609639799999999399e-01
-6.212864000000000164e-01	-8.818257800000000035e-01
-6.225295699999999766e-01	-9.157421500000000325e-01
-6.235510499999999956e-01	-9.044366899999999321e-01
-6.245345500000000216e-01	-8.592148699999999639e-01
-6.256651699999999927e-01	-8.705203200000000141e-01
-6.268452399999999702e-01	-9.044366899999999321e-01
-6.279508400000000101e-01	-1.006185799999999908e+00
-6.290721299999999516e-01	-9.609639799999999399e-01
-6.302614100000000219e-01	-9.270476100000000219e-01
-6.314532999999999952e-01	-8.592148699999999639e-01
-6.326718000000000064e-01	-8.479094099999999745e-01
-6.339265600000000278e-01	-9.383530599999999611e-01
-6.350568399999999558e-01	-9.496584599999999821e-01
-6.360101000000000226e-01	-8.705203200000000141e-01
-6.369634800000000263e-01	-8.252984999999999349e-01
-6.380417999999999923e-01	-8.366039499999999851e-01
-6.392314199999999946e-01	-9.044366899999999321e-01
-6.404429799999999950e-01	-9.383530599999999611e-01
-6.415962199999999394e-01	-9.044366899999999321e-01
-6.427379699999999918e-01	-8.592148699999999639e-01
-6.439283899999999061e-01	-8.592148699999999639e-01
-6.451215300000000541e-01	-8.818257800000000035e-01
-6.462926199999999843e-01	-9.044366899999999321e-01
-6.474896300000000382e-01	-9.157421500000000325e-01
-6.486814100000000138e-01	-9.044366899999999321e-01
-6.497616599999999076e-01	-9.157421500000000325e-01
-6.507625599999999899e-01	-8.931312399999999929e-01
-6.518630499999999994e-01	-9.722694899999999585e-01
-6.531253099999999590e-01	-8.592148699999999639e-01
-6.544025799999999560e-01	-9.157421500000000325e-01
-6.555845900000000226e-01	-9.496584599999999821e-01
-6.566785900000000620e-01	-8.931312399999999929e-01
-6.576793800000000356e-01	-8.818257800000000035e-01
-6.586703899999999390e-01	-9.157421500000000325e-01
-6.598371600000000337e-01	-8.592148699999999639e-01
-6.611375099999999838e-01	-9.044366899999999321e-01
-6.623547499999999921e-01	-8.479094099999999745e-01
-6.635405000000000886e-01	-8.705203200000000141e-01
-6.648144799999999854e-01	-8.592148699999999639e-01
-6.660126199999999441e-01	-8.026875300000000379e-01
-6.670697999999999350e-01	-8.366039499999999851e-01
-6.682024600000000536e-01	-8.705203200000000141e-01
-6.694993999999999668e-01	-9.270476100000000219e-01
-6.707969099999999685e-01	-9.044366899999999321e-01
-6.719809599999999605e-01	-8.366039499999999851e-01
-6.730944100000000319e-01	-8.479094099999999745e-01
-6.741654499999999439e-01	-8.479094099999999745e-01
-6.751981799999999811e-01	-8.931312399999999929e-01
-6.762588800000000067e-01	-9.044366899999999321e-01
-6.774263299999999655e-01	-8.592148699999999639e-01
-6.786961000000000244e-01	-8.818257800000000035e-01
-6.799261899999999859e-01	-8.818257800000000035e-01
-6.809484600000000887e-01	-8.366039499999999851e-01
-6.818484100000000714e-01	-8.705203200000000141e-01
-6.829027400000000636e-01	-8.479094099999999745e-01
-6.841549999999999576e-01	-8.818257800000000035e-01
-6.854244200000000342e-01	-8.479094099999999745e-01
-6.865848300000000348e-01	-9.157421500000000325e-01
-6.875867500000000243e-01	-8.705203200000000141e-01
-6.885294400000000481e-01	-8.818257800000000035e-01
-6.896713100000000374e-01	-9.044366899999999321e-01
-6.910546499999999925e-01	-9.270476100000000219e-01
-6.923850200000000177e-01	-9.270476100000000219e-01
-6.934975500000000181e-01	-8.705203200000000141e-01
-6.945571200000000278e-01	-8.931312399999999929e-01
-6.957143299999999364e-01	-8.705203200000000141e-01
-6.969278300000000259e-01	-8.705203200000000141e-01
-6.981608699999999335e-01	-8.818257800000000035e-01
-6.994016499999999859e-01	-9.383530599999999611e-01
-7.005407999999999635e-01	-9.044366899999999321e-01
-7.015661399999999492e-01	-9.157421500000000325e-01
-7.026246699999999512e-01	-9.157421500000000325e-01
-7.037654100000000357e-01	-8.479094099999999745e-01
-7.049183100000000479e-01	-8.592148699999999639e-01
-7.060572200000000409e-01	-9.044366899999999321e-01
-7.071647600000000589e-01	-9.496584599999999821e-01
-7.082135199999999298e-01	-9.835748899999999795e-01
-7.093383399999999561e-01	-9.496584599999999821e-01
-7.106855299999998987e-01	-9.270476100000000219e-01
-7.120770499999999892e-01	-9.496584599999999821e-01
-7.132173299999999827e-01	-9.157421500000000325e-01
-7.141587700000000538e-01	-9.383530599999999611e-01
-7.152123100000000733e-01	-9.157421500000000325e-01
-7.164509300000000414e-01	-9.609639799999999399e-01
-7.177283100000000360e-01	-9.383530599999999611e-01
-7.189888700000000021e-01	-8.931312399999999929e-01
-7.201814500000000008e-01	-9.383530599999999611e-01
-7.212313399999999985e-01	-9.948803999999998871e-01
-7.222341800000000589e-01	-9.270476100000000219e-01
-7.233473999999999737e-01	-9.609639799999999399e-01
-7.245573699999999784e-01	-9.496584599999999821e-01
-7.257793900000000242e-01	-9.383530599999999611e-01
-7.269911700000000199e-01	-9.270476100000000219e-01
-7.281835199999999730e-01	-9.835748899999999795e-01
-7.293683699999999881e-01	-9.835748899999999795e-01
-7.305507099999999365e-01	-1.028796700000000008e+00
-7.316299400000000341e-01	-1.028796700000000008e+00
-7.325647899999999657e-01	-9.609639799999999399e-01
-7.335985399999999101e-01	-9.722694899999999585e-01
-7.349177599999999755e-01	-9.948803999999998871e-01
-7.363034899999999494e-01	-9.609639799999999399e-01
-7.374934499999999948e-01	-9.835748899999999795e-01
-7.385359599999999913e-01	-9.609639799999999399e-01
-7.396226900000000271e-01	-9.383530599999999611e-01
-7.408160599999999985e-01	-9.157421500000000325e-01
-7.420402400000000176e-01	-9.496584599999999821e-01
-7.432172400000000012e-01	-9.609639799999999399e-01
-7.443349000000000215e-01	-9.609639799999999399e-01
-7.454530099999999715e-01	-1.040102199999999977e+00
-7.466159099999999382e-01	-1.006185799999999908e+00
-7.477984799999999321e-01	-9.948803999999998871e-01
-7.489759400000000067e-01	-1.006185799999999908e+00
-7.501820399999999944e-01	-9.835748899999999795e-01
-7.514406699999999217e-01	-1.028796700000000008e+00
-7.526762099999999567e-01	-1.062713100000000077e+00
-7.537913700000000716e-01	-1.040102199999999977e+00
-7.548140999999999323e-01	-1.051407600000000109e+00
-7.559029899999999413e-01	-1.040102199999999977e+00
-7.571503599999999112e-01	-1.074018499999999987e+00
-7.584263799999999556e-01	-1.074018499999999987e+00
-7.595887199999999950e-01	-9.948803999999998871e-01
-7.607108000000000203e-01	-1.006185799999999908e+00
-7.618731400000000598e-01	-1.040102199999999977e+00
-7.630302400000000818e-01	-1.062713100000000077e+00
-7.641648399999999564e-01	-1.051407600000000109e+00
-7.652688500000000005e-01	-1.040102199999999977e+00
-7.663872999999999935e-01	-9.948803999999998871e-01
-7.676477499999999621e-01	-1.040102199999999977e+00
-7.689976699999999665e-01	-1.006185799999999908e+00
-7.702600399999999237e-01	-1.074018499999999987e+00
-7.713902099999999651e-01	-1.062713100000000077e+00
-7.724508999999999403e-01	-1.040102199999999977e+00
-7.735318399999999706e-01	-1.074018499999999987e+00
-7.746366500000000377e-01	-1.062713100000000077e+00
-7.757047300000000645e-01	-1.006185799999999908e+00
-7.768056799999999429e-01	-1.062713100000000077e+00
-7.780096199999999573e-01	-1.051407600000000109e+00
-7.792556299999999769e-01	-1.107935000000000114e+00
-7.805043699999999474e-01	-1.051407600000000109e+00
-7.817176299999999411e-01	-1.028796700000000008e+00
-7.828454000000000246e-01	-1.006185799999999908e+00
-7.839812499999999629e-01	-9.835748899999999795e-01
-7.852440800000000110e-01	-1.051407600000000109e+00
-7.865371600000000685e-01	-1.107935000000000114e+00
-7.876858500000000207e-01	-1.107935000000000114e+00
-7.887382499999999741e-01	-1.096629499999999924e+00
-7.899058099999999305e-01	-1.074018499999999987e+00
-7.912137799999999777e-01	-1.119240400000000024e+00
-7.924398900000000356e-01	-1.062713100000000077e+00
-7.934901300000000157e-01	-1.074018499999999987e+00
-7.945290000000000408e-01	-1.107935000000000114e+00
-7.956582500000000113e-01	-1.006185799999999908e+00
-7.967802299999999782e-01	-1.062713100000000077e+00
-7.978271700000000299e-01	-1.085324100000000014e+00
-7.989340200000000225e-01	-1.119240400000000024e+00
-8.002394899999999422e-01	-1.074018499999999987e+00
-8.016708099999999559e-01	-1.062713100000000077e+00
-8.030547199999999997e-01	-1.096629499999999924e+00
-8.042585499999999055e-01	-1.062713100000000077e+00
-8.052604700000000060e-01	-1.074018499999999987e+00
-8.062012299999999909e-01	-1.040102199999999977e+00
-8.072722700000000140e-01	-1.028796700000000008e+00
-8.085173700000000130e-01	-9.496584599999999821e-01
-8.098343199999999964e-01	-1.096629499999999924e+00
-8.111263699999999854e-01	-1.074018499999999987e+00
-8.123289500000000496e-01	-1.074018499999999987e+00
-8.134076099999999476e-01	-1.096629499999999924e+00
-8.144257900000000383e-01	-1.096629499999999924e+00
-8.155177499999999302e-01	-1.074018499999999987e+00
-8.167427300000000834e-01	-1.051407600000000109e+00
-8.179774800000000345e-01	-1.130545899999999993e+00
-8.190655799999999598e-01	-1.130545899999999993e+00
-8.200942099999999346e-01	-1.062713100000000077e+00
-8.212806499999999454e-01	-1.074018499999999987e+00
-8.226045300000000005e-01	-1.062713100000000077e+00
-8.238829400000000636e-01	-1.074018499999999987e+00
-8.250937099999999802e-01	-1.141851299999999902e+00
-8.263093599999999928e-01	-1.153156800000000093e+00
-8.275168299999999810e-01	-1.153156800000000093e+00
-8.286365300000000378e-01	-1.119240400000000024e+00
-8.296316300000000643e-01	-1.074018499999999987e+00
-8.306393499999999985e-01	-1.062713100000000077e+00
-8.318155600000000094e-01	-1.107935000000000114e+00
-8.331110199999999244e-01	-1.074018499999999987e+00
-8.344268300000000638e-01	-1.119240400000000024e+00
-8.357310400000000916e-01	-1.119240400000000024e+00
-8.369720500000000785e-01	-1.017491299999999876e+00
-8.381402900000000100e-01	-1.040102199999999977e+00
-8.392969399999999913e-01	-1.130545899999999993e+00
-8.404247200000000140e-01	-1.130545899999999993e+00
-8.415047399999999733e-01	-1.074018499999999987e+00
-8.426393399999999589e-01	-1.107935000000000114e+00
-8.438439599999999485e-01	-1.119240400000000024e+00
-8.450073200000000062e-01	-1.085324100000000014e+00
-8.461100799999999866e-01	-1.141851299999999902e+00
-8.472306899999999530e-01	-1.096629499999999924e+00
-8.484087200000000051e-01	-1.119240400000000024e+00
-8.495934500000000833e-01	-1.130545899999999993e+00
-8.507447499999999385e-01	-1.153156800000000093e+00
-8.519225500000000562e-01	-1.130545899999999993e+00
-8.531900399999999829e-01	-1.141851299999999902e+00
-8.545048299999999930e-01	-1.107935000000000114e+00
-8.557573200000000435e-01	-1.119240400000000024e+00
-8.568879400000000146e-01	-1.209683999999999982e+00
-8.579381799999999947e-01	-1.209683999999999982e+00
-8.590193400000000201e-01	-1.130545899999999993e+00
-8.602381700000000242e-01	-1.175767699999999971e+00
-8.615500099999999772e-01	-1.164462200000000003e+00
-8.627670200000000511e-01	-1.175767699999999971e+00
-8.638103299999999596e-01	-1.164462200000000003e+00
-8.648362400000000338e-01	-1.175767699999999971e+00
-8.660361999999999227e-01	-1.096629499999999924e+00
-8.673755499999999952e-01	-1.107935000000000114e+00
-8.686696400000000207e-01	-1.119240400000000024e+00
-8.698577899999999641e-01	-1.119240400000000024e+00
-8.709896500000000596e-01	-1.187073100000000103e+00
-8.720841200000000182e-01	-1.198378599999999850e+00
-8.732131399999999433e-01	-1.119240400000000024e+00
-8.744951899999999778e-01	-1.130545899999999993e+00
-8.758629500000000290e-01	-1.096629499999999924e+00
-8.770909999999999540e-01	-1.107935000000000114e+00
-8.781222499999999931e-01	-1.130545899999999993e+00
-8.791644199999999465e-01	-1.074018499999999987e+00
-8.803814399999999596e-01	-1.141851299999999902e+00
-8.816548400000000507e-01	-1.141851299999999902e+00
-8.828393399999999724e-01	-1.164462200000000003e+00
-8.840171400000000901e-01	-1.153156800000000093e+00
-8.852645100000000600e-01	-1.175767699999999971e+00
-8.864904000000000117e-01	-1.153156800000000093e+00
-8.876421600000000689e-01	-1.164462200000000003e+00
-8.887747099999999678e-01	-1.187073100000000103e+00
-8.899456800000000722e-01	-1.141851299999999902e+00
-8.911982800000000093e-01	-1.153156800000000093e+00
-8.925075000000000092e-01	-1.198378599999999850e+00
-8.937601000000000573e-01	-1.232294900000000082e+00
-8.949184600000000822e-01	-1.198378599999999850e+00
-8.960442999999999047e-01	-1.198378599999999850e+00
-8.971678699999999784e-01	-1.164462200000000003e+00
-8.983162199999999986e-01	-1.130545899999999993e+00
-8.994990099999999877e-01	-1.107935000000000114e+00
-9.006484999999999630e-01	-1.175767699999999971e+00
-9.018068599999999879e-01	-1.130545899999999993e+00
-9.030695799999999274e-01	-1.153156800000000093e+00
-9.043125100000000138e-01	-1.164462200000000003e+00
-9.054347200000000262e-01	-1.153156800000000093e+00
-9.065597599999999368e-01	-1.130545899999999993e+00
-9.077543799999999719e-01	-1.175767699999999971e+00
-9.089544600000000196e-01	-1.243600400000000050e+00
-9.101864899999999592e-01	-1.175767699999999971e+00
-9.115271999999999819e-01	-1.187073100000000103e+00
-9.128402799999999484e-01	-1.198378599999999850e+00
-9.139213299999999762e-01	-1.187073100000000103e+00
-9.148845899999999975e-01	-1.164462200000000003e+00
-9.160019100000000858e-01	-1.232294900000000082e+00
-9.172740600000000022e-01	-1.300127800000000056e+00
-9.185280300000000508e-01	-1.266211399999999987e+00
-9.197552799999999529e-01	-1.220989499999999950e+00
-9.210189100000000240e-01	-1.254905799999999960e+00
-9.222029600000000160e-01	-1.254905799999999960e+00
-9.232078400000000018e-01	-1.288822300000000087e+00
-9.242536399999999874e-01	-1.266211399999999987e+00
-9.255871900000000041e-01	-1.322738699999999934e+00
-9.270154400000000239e-01	-1.367960500000000135e+00
-9.282091500000000384e-01	-1.254905799999999960e+00
-9.292790499999999954e-01	-1.345349600000000034e+00
-9.304923200000000394e-01	-1.311433200000000188e+00
-9.318016499999999258e-01	-1.277516799999999897e+00
-9.330412899999999121e-01	-1.209683999999999982e+00
-9.341462099999999769e-01	-1.187073100000000103e+00
-9.352050899999999611e-01	-1.220989499999999950e+00
-9.364105200000000240e-01	-1.277516799999999897e+00
-9.377417900000000195e-01	-1.300127800000000056e+00
-9.389535799999999544e-01	-1.254905799999999960e+00
-9.399727800000000633e-01	-1.288822300000000087e+00
-9.409826599999999708e-01	-1.243600400000000050e+00
-9.421359000000000261e-01	-1.266211399999999987e+00
-9.434090800000000110e-01	-1.254905799999999960e+00
-9.446891899999999564e-01	-1.277516799999999897e+00
-9.459182600000000107e-01	-1.300127800000000056e+00
-9.471163999999999694e-01	-1.367960500000000135e+00
-9.482876100000000585e-01	-1.334044099999999844e+00
-9.494860900000000603e-01	-1.334044099999999844e+00
-9.507933800000000213e-01	-1.300127800000000056e+00
-9.521017999999999981e-01	-1.300127800000000056e+00
-9.532567400000000468e-01	-1.311433200000000188e+00
-9.542806100000000846e-01	-1.322738699999999934e+00
-9.552762799999998666e-01	-1.277516799999999897e+00
-9.563796100000000466e-01	-1.288822300000000087e+00
-9.576899599999999513e-01	-1.322738699999999934e+00
-9.591116200000000536e-01	-1.322738699999999934e+00
-9.604419799999999174e-01	-1.322738699999999934e+00
-9.615913499999999559e-01	-1.300127800000000056e+00
-9.626274999999999693e-01	-1.345349600000000034e+00
-9.636731899999999573e-01	-1.311433200000000188e+00
-9.648424599999999574e-01	-1.334044099999999844e+00
-9.661631599999999098e-01	-1.356654999999999944e+00
-9.674667999999998491e-01	-1.367960500000000135e+00
-9.685941200000000029e-01	-1.300127800000000056e+00
-9.696884699999999135e-01	-1.322738699999999934e+00
-9.709195900000000545e-01	-1.345349600000000034e+00
-9.722007200000000182e-01	-1.345349600000000034e+00
-9.734385499999999025e-01	-1.379265900000000045e+00
-9.746430600000001165e-01	-1.413182299999999891e+00
-9.758271099999998865e-01	-1.413182299999999891e+00
-9.770027399999998696e-01	-1.322738699999999934e+00
-9.781642799999999971e-01	-1.254905799999999960e+00
-9.793411699999999831e-01	-1.322738699999999934e+00
-9.805667099999999525e-01	-1.334044099999999844e+00
-9.817919099999999899e-01	-1.300127800000000056e+00
-9.829982399999999121e-01	-1.345349600000000034e+00
-9.842171899999999640e-01	-1.334044099999999844e+00
-9.854447899999999594e-01	-1.322738699999999934e+00
-9.866575999999999125e-01	-1.334044099999999844e+00
-9.878647200000000295e-01	-1.300127800000000056e+00
-9.891049300000001043e-01	-1.277516799999999897e+00
-9.903485499999999941e-01	-1.311433200000000188e+00
-9.915189599999999492e-01	-1.334044099999999844e+00
-9.926345700000001049e-01	-1.334044099999999844e+00
-9.938158899999999241e-01	-1.345349600000000034e+00
-9.951355700000000803e-01	-1.243600400000000050e+00
-9.964929900000001339e-01	-1.277516799999999897e+00
-9.977094399999999474e-01	-1.322738699999999934e+00
-9.987522799999999368e-01	-1.277516799999999897e+00
-9.997900199999999460e-01	-1.277516799999999897e+00
-1.000968499999999928e+00	-1.345349600000000034e+00
-1.002240000000000020e+00	-1.334044099999999844e+00
-1.003502000000000116e+00	-1.334044099999999844e+00
-1.004724500000000020e+00	-1.300127800000000056e+00
-1.005884200000000117e+00	-1.232294900000000082e+00
-1.006981200000000021e+00	-1.311433200000000188e+00
-1.008112200000000014e+00	-1.300127800000000056e+00
-1.009348099999999970e+00	-1.288822300000000087e+00
-1.010610799999999809e+00	-1.288822300000000087e+00
-1.011787800000000015e+00	-1.266211399999999987e+00
-1.012920200000000159e+00	-1.254905799999999960e+00
-1.014109600000000055e+00	-1.277516799999999897e+00
-1.015314900000000131e+00	-1.220989499999999950e+00
-1.016485599999999989e+00	-1.220989499999999950e+00
-1.017660600000000137e+00	-1.254905799999999960e+00
-1.018832699999999925e+00	-1.243600400000000050e+00
-1.019982599999999850e+00	-1.243600400000000050e+00
-1.021161599999999892e+00	-1.288822300000000087e+00
-1.022402600000000161e+00	-1.311433200000000188e+00
-1.023646000000000056e+00	-1.322738699999999934e+00
-1.024824900000000039e+00	-1.334044099999999844e+00
-1.025985700000000111e+00	-1.277516799999999897e+00
-1.027189600000000036e+00	-1.300127800000000056e+00
-1.028374299999999852e+00	-1.334044099999999844e+00
-1.029502299999999870e+00	-1.300127800000000056e+00
-1.030687499999999979e+00	-1.288822300000000087e+00
-1.031990099999999799e+00	-1.311433200000000188e+00
-1.033280900000000058e+00	-1.356654999999999944e+00
-1.034500799999999998e+00	-1.300127800000000056e+00
-1.035752800000000029e+00	-1.277516799999999897e+00
-1.037014500000000172e+00	-1.243600400000000050e+00
-1.038168399999999991e+00	-1.232294900000000082e+00
-1.039258899999999874e+00	-1.277516799999999897e+00
-1.040425900000000015e+00	-1.277516799999999897e+00
-1.041727799999999871e+00	-1.243600400000000050e+00
-1.043078600000000078e+00	-1.232294900000000082e+00
-1.044330500000000050e+00	-1.300127800000000056e+00
-1.045451400000000142e+00	-1.277516799999999897e+00
-1.046544399999999930e+00	-1.288822300000000087e+00
-1.047742899999999810e+00	-1.266211399999999987e+00
-1.049089600000000067e+00	-1.277516799999999897e+00
-1.050451499999999871e+00	-1.322738699999999934e+00
-1.051690599999999920e+00	-1.322738699999999934e+00
-1.052847400000000100e+00	-1.266211399999999987e+00
-1.054016400000000075e+00	-1.266211399999999987e+00
-1.055227799999999938e+00	-1.209683999999999982e+00
-1.056431300000000073e+00	-1.254905799999999960e+00
-1.057538199999999984e+00	-1.209683999999999982e+00
-1.058611699999999933e+00	-1.277516799999999897e+00
-1.059833499999999873e+00	-1.243600400000000050e+00
-1.061204200000000153e+00	-1.266211399999999987e+00
-1.062549399999999977e+00	-1.209683999999999982e+00
-1.063799000000000161e+00	-1.254905799999999960e+00
-1.065011000000000152e+00	-1.266211399999999987e+00
-1.066235200000000161e+00	-1.266211399999999987e+00
-1.067471200000000175e+00	-1.198378599999999850e+00
-1.068633700000000131e+00	-1.288822300000000087e+00
-1.069712400000000008e+00	-1.254905799999999960e+00
-1.070914699999999886e+00	-1.254905799999999960e+00
-1.072299499999999961e+00	-1.288822300000000087e+00
-1.073566100000000079e+00	-1.288822300000000087e+00
-1.074581100000000067e+00	-1.311433200000000188e+00
-1.075631500000000074e+00	-1.311433200000000188e+00
-1.076885700000000057e+00	-1.311433200000000188e+00
-1.078211499999999878e+00	-1.288822300000000087e+00
-1.079530300000000054e+00	-1.311433200000000188e+00
-1.080817699999999881e+00	-1.345349600000000034e+00
-1.082024099999999933e+00	-1.277516799999999897e+00
-1.083198399999999895e+00	-1.311433200000000188e+00
-1.084411000000000014e+00	-1.300127800000000056e+00
-1.085670300000000088e+00	-1.288822300000000087e+00
-1.086945100000000108e+00	-1.220989499999999950e+00
-1.088144200000000117e+00	-1.220989499999999950e+00
-1.089249099999999970e+00	-1.277516799999999897e+00
-1.090407399999999916e+00	-1.266211399999999987e+00
-1.091692499999999955e+00	-1.311433200000000188e+00
-1.092929400000000051e+00	-1.334044099999999844e+00
-1.094041199999999936e+00	-1.288822300000000087e+00
-1.095223400000000069e+00	-1.345349600000000034e+00
-1.096497500000000125e+00	-1.300127800000000056e+00
-1.097666699999999995e+00	-1.311433200000000188e+00
-1.098777600000000021e+00	-1.345349600000000034e+00
-1.100050999999999890e+00	-1.266211399999999987e+00
-1.101446600000000053e+00	-1.322738699999999934e+00
-1.102749500000000049e+00	-1.311433200000000188e+00
-1.103946499999999942e+00	-1.243600400000000050e+00
-1.105150100000000135e+00	-1.288822300000000087e+00
-1.106374799999999992e+00	-1.300127800000000056e+00
-1.107592200000000027e+00	-1.300127800000000056e+00
-1.108768100000000034e+00	-1.311433200000000188e+00
-1.109871099999999888e+00	-1.334044099999999844e+00
-1.110983499999999902e+00	-1.401876799999999923e+00
-1.112208800000000108e+00	-1.345349600000000034e+00
-1.113501199999999969e+00	-1.300127800000000056e+00
-1.114777999999999825e+00	-1.300127800000000056e+00
-1.116043099999999955e+00	-1.243600400000000050e+00
-1.117295299999999880e+00	-1.277516799999999897e+00
-1.118437400000000137e+00	-1.322738699999999934e+00
-1.119454899999999808e+00	-1.311433200000000188e+00
-1.120582399999999978e+00	-1.300127800000000056e+00
-1.121939199999999914e+00	-1.288822300000000087e+00
-1.123304999999999998e+00	-1.266211399999999987e+00
-1.124557199999999924e+00	-1.254905799999999960e+00
-1.125804499999999875e+00	-1.243600400000000050e+00
-1.127057399999999987e+00	-1.198378599999999850e+00
-1.128233899999999901e+00	-1.254905799999999960e+00
-1.129349200000000053e+00	-1.311433200000000188e+00
-1.130493600000000098e+00	-1.367960500000000135e+00
-1.131680799999999820e+00	-1.345349600000000034e+00
-1.132877600000000040e+00	-1.356654999999999944e+00
-1.134147400000000028e+00	-1.311433200000000188e+00
-1.135467400000000016e+00	-1.288822300000000087e+00
-1.136670999999999987e+00	-1.300127800000000056e+00
-1.137779199999999991e+00	-1.300127800000000056e+00
-1.138948800000000094e+00	-1.277516799999999897e+00
-1.140206499999999901e+00	-1.288822300000000087e+00
-1.141525099999999959e+00	-1.334044099999999844e+00
-1.142875700000000050e+00	-1.311433200000000188e+00
-1.144211099999999925e+00	-1.334044099999999844e+00
-1.145506499999999983e+00	-1.356654999999999944e+00
-1.146669900000000020e+00	-1.311433200000000188e+00
-1.147670399999999979e+00	-1.288822300000000087e+00
-1.148731900000000028e+00	-1.254905799999999960e+00
-1.150009800000000082e+00	-1.243600400000000050e+00
-1.151374399999999909e+00	-1.266211399999999987e+00
-1.152646300000000013e+00	-1.356654999999999944e+00
-1.153789100000000012e+00	-1.345349600000000034e+00
-1.154941600000000124e+00	-1.266211399999999987e+00
-1.156232200000000043e+00	-1.356654999999999944e+00
-1.157549600000000067e+00	-1.367960500000000135e+00
-1.158711599999999953e+00	-1.334044099999999844e+00
-1.159795699999999874e+00	-1.322738699999999934e+00
-1.161008099999999876e+00	-1.334044099999999844e+00
-1.162342299999999939e+00	-1.288822300000000087e+00
-1.163648800000000039e+00	-1.243600400000000050e+00
-1.164864699999999864e+00	-1.288822300000000087e+00
-1.166051799999999972e+00	-1.356654999999999944e+00
-1.167280499999999943e+00	-1.288822300000000087e+00
-1.168530499999999916e+00	-1.254905799999999960e+00
-1.169788999999999968e+00	-1.288822300000000087e+00
-1.171071299999999926e+00	-1.300127800000000056e+00
-1.172309000000000045e+00	-1.266211399999999987e+00
-1.173487600000000075e+00	-1.243600400000000050e+00
-1.174702600000000041e+00	-1.232294900000000082e+00
-1.175934100000000093e+00	-1.232294900000000082e+00
-1.177124900000000141e+00	-1.243600400000000050e+00
-1.178354099999999960e+00	-1.232294900000000082e+00
-1.179622100000000007e+00	-1.288822300000000087e+00
-1.180835899999999938e+00	-1.311433200000000188e+00
-1.182050700000000010e+00	-1.266211399999999987e+00
-1.183304799999999934e+00	-1.288822300000000087e+00
-1.184507899999999836e+00	-1.300127800000000056e+00
-1.185680700000000032e+00	-1.266211399999999987e+00
-1.186899200000000043e+00	-1.277516799999999897e+00
-1.188157700000000094e+00	-1.254905799999999960e+00
-1.189480800000000116e+00	-1.300127800000000056e+00
-1.190846800000000094e+00	-1.277516799999999897e+00
-1.192120699999999811e+00	-1.277516799999999897e+00
-1.193259499999999917e+00	-1.277516799999999897e+00
-1.194308699999999890e+00	-1.288822300000000087e+00
-1.195356400000000097e+00	-1.254905799999999960e+00
-1.196602500000000013e+00	-1.254905799999999960e+00
-1.198069400000000062e+00	-1.243600400000000050e+00
-1.199460700000000157e+00	-1.277516799999999897e+00
-1.200628699999999993e+00	-1.277516799999999897e+00
-1.201754199999999884e+00	-1.243600400000000050e+00
-1.202999200000000046e+00	-1.277516799999999897e+00
-1.204323599999999939e+00	-1.300127800000000056e+00
-1.205597599999999936e+00	-1.322738699999999934e+00
-1.206795199999999957e+00	-1.288822300000000087e+00
-1.207976200000000055e+00	-1.311433200000000188e+00
-1.209156499999999967e+00	-1.356654999999999944e+00
-1.210387600000000008e+00	-1.345349600000000034e+00
-1.211682200000000043e+00	-1.277516799999999897e+00
-1.212883300000000109e+00	-1.311433200000000188e+00
-1.213980300000000012e+00	-1.300127800000000056e+00
-1.215192400000000061e+00	-1.334044099999999844e+00
-1.216541499999999942e+00	-1.322738699999999934e+00
-1.217841799999999974e+00	-1.345349600000000034e+00
-1.219056699999999882e+00	-1.288822300000000087e+00
-1.220254499999999798e+00	-1.345349600000000034e+00
-1.221426300000000076e+00	-1.277516799999999897e+00
-1.222582599999999964e+00	-1.277516799999999897e+00
-1.223795799999999989e+00	-1.334044099999999844e+00
-1.225050899999999832e+00	-1.266211399999999987e+00
-1.226244600000000018e+00	-1.266211399999999987e+00
-1.227372200000000024e+00	-1.322738699999999934e+00
-1.228581900000000005e+00	-1.334044099999999844e+00
-1.229936600000000047e+00	-1.288822300000000087e+00
-1.231255099999999825e+00	-1.345349600000000034e+00
-1.232372800000000046e+00	-1.322738699999999934e+00
-1.233409200000000094e+00	-1.288822300000000087e+00
-1.234598399999999874e+00	-1.345349600000000034e+00
-1.235961499999999935e+00	-1.356654999999999944e+00
-1.237317699999999965e+00	-1.322738699999999934e+00
-1.238561800000000046e+00	-1.322738699999999934e+00
-1.239770200000000155e+00	-1.288822300000000087e+00
-1.241043700000000083e+00	-1.345349600000000034e+00
-1.242351100000000041e+00	-1.322738699999999934e+00
-1.243593100000000007e+00	-1.311433200000000188e+00
-1.244757000000000113e+00	-1.266211399999999987e+00
-1.245916800000000046e+00	-1.300127800000000056e+00
-1.247084599999999988e+00	-1.288822300000000087e+00
-1.248245800000000072e+00	-1.288822300000000087e+00
-1.249507499999999993e+00	-1.300127800000000056e+00
-1.250888300000000175e+00	-1.311433200000000188e+00
-1.252186199999999916e+00	-1.300127800000000056e+00
-1.253309200000000123e+00	-1.345349600000000034e+00
-1.254429299999999969e+00	-1.322738699999999934e+00
-1.255682300000000140e+00	-1.356654999999999944e+00
-1.256985800000000042e+00	-1.334044099999999844e+00
-1.258258199999999993e+00	-1.232294900000000082e+00
-1.259557599999999944e+00	-1.266211399999999987e+00
-1.260890099999999903e+00	-1.379265900000000045e+00
-1.262146500000000060e+00	-1.266211399999999987e+00
-1.263349100000000114e+00	-1.232294900000000082e+00
-1.264635100000000012e+00	-1.277516799999999897e+00
-1.265976400000000002e+00	-1.243600400000000050e+00
-1.267253999999999881e+00	-1.254905799999999960e+00
-1.268430500000000016e+00	-1.288822300000000087e+00
-1.269527700000000037e+00	-1.266211399999999987e+00
-1.270671000000000106e+00	-1.198378599999999850e+00
-1.271992599999999918e+00	-1.220989499999999950e+00
-1.273401900000000087e+00	-1.209683999999999982e+00
-1.274708799999999975e+00	-1.243600400000000050e+00
-1.275914700000000179e+00	-1.209683999999999982e+00
-1.277117700000000022e+00	-1.243600400000000050e+00
-1.278285699999999858e+00	-1.243600400000000050e+00
-1.279384300000000030e+00	-1.277516799999999897e+00
-1.280535999999999897e+00	-1.232294900000000082e+00
-1.281833900000000082e+00	-1.198378599999999850e+00
-1.283169499999999852e+00	-1.300127800000000056e+00
-1.284431600000000007e+00	-1.288822300000000087e+00
-1.285693500000000045e+00	-1.311433200000000188e+00
-1.287011600000000033e+00	-1.277516799999999897e+00
-1.288296100000000166e+00	-1.243600400000000050e+00
-1.289526600000000078e+00	-1.266211399999999987e+00
-1.290764400000000034e+00	-1.300127800000000056e+00
-1.291957299999999975e+00	-1.243600400000000050e+00
-1.293045400000000011e+00	-1.288822300000000087e+00
-1.294115499999999974e+00	-1.322738699999999934e+00
-1.295298000000000060e+00	-1.243600400000000050e+00
-1.296621299999999977e+00	-1.232294900000000082e+00
-1.297955999999999888e+00	-1.243600400000000050e+00
-1.299207000000000001e+00	-1.254905799999999960e+00
-1.300463299999999878e+00	-1.288822300000000087e+00
-1.301756799999999936e+00	-1.232294900000000082e+00
-1.303045699999999973e+00	-1.232294900000000082e+00
-1.304385499999999976e+00	-1.243600400000000050e+00
-1.305742200000000075e+00	-1.209683999999999982e+00
-1.307000500000000009e+00	-1.266211399999999987e+00
-1.308189800000000069e+00	-1.266211399999999987e+00
-1.309377900000000094e+00	-1.232294900000000082e+00
-1.310565299999999933e+00	-1.243600400000000050e+00
-1.311756800000000167e+00	-1.266211399999999987e+00
-1.312969999999999970e+00	-1.277516799999999897e+00
-1.314232899999999926e+00	-1.311433200000000188e+00
-1.315568400000000082e+00	-1.311433200000000188e+00
-1.316920799999999891e+00	-1.277516799999999897e+00
-1.318181000000000047e+00	-1.311433200000000188e+00
-1.319314799999999899e+00	-1.345349600000000034e+00
-1.320401099999999994e+00	-1.300127800000000056e+00
-1.321510399999999974e+00	-1.288822300000000087e+00
-1.322676100000000021e+00	-1.243600400000000050e+00
-1.323951700000000065e+00	-1.288822300000000087e+00
-1.325310299999999941e+00	-1.356654999999999944e+00
-1.326615600000000006e+00	-1.277516799999999897e+00
-1.327817599999999931e+00	-1.311433200000000188e+00
-1.329026799999999842e+00	-1.288822300000000087e+00
-1.330265500000000101e+00	-1.277516799999999897e+00
-1.331409499999999912e+00	-1.277516799999999897e+00
-1.332503899999999852e+00	-1.220989499999999950e+00
-1.333725800000000072e+00	-1.266211399999999987e+00
-1.335051399999999999e+00	-1.345349600000000034e+00
-1.336343800000000082e+00	-1.345349600000000034e+00
-1.337597300000000100e+00	-1.311433200000000188e+00
-1.338853999999999989e+00	-1.288822300000000087e+00
-1.340081599999999984e+00	-1.266211399999999987e+00
-1.341292300000000104e+00	-1.254905799999999960e+00
-1.342574399999999946e+00	-1.232294900000000082e+00
-1.343911400000000089e+00	-1.209683999999999982e+00
-1.345198799999999917e+00	-1.277516799999999897e+00
-1.346442799999999940e+00	-1.254905799999999960e+00
-1.347700399999999910e+00	-1.243600400000000050e+00
-1.348936399999999924e+00	-1.277516799999999897e+00
-1.350169200000000069e+00	-1.254905799999999960e+00
-1.351474300000000017e+00	-1.220989499999999950e+00
-1.352821500000000121e+00	-1.243600400000000050e+00
-1.354184000000000054e+00	-1.232294900000000082e+00
-1.355547499999999905e+00	-1.209683999999999982e+00
-1.356808599999999920e+00	-1.277516799999999897e+00
-1.357938500000000159e+00	-1.288822300000000087e+00
-1.359055000000000124e+00	-1.266211399999999987e+00
-1.360258199999999862e+00	-1.209683999999999982e+00
-1.361569000000000029e+00	-1.220989499999999950e+00
-1.362926500000000152e+00	-1.243600400000000050e+00
-1.364215200000000072e+00	-1.243600400000000050e+00
-1.365449899999999994e+00	-1.187073100000000103e+00
-1.366743800000000064e+00	-1.243600400000000050e+00
-1.368019899999999955e+00	-1.209683999999999982e+00
-1.369156099999999876e+00	-1.175767699999999971e+00
-1.370280900000000024e+00	-1.198378599999999850e+00
-1.371542999999999957e+00	-1.198378599999999850e+00
-1.372881299999999971e+00	-1.209683999999999982e+00
-1.374175399999999936e+00	-1.254905799999999960e+00
-1.375397500000000051e+00	-1.209683999999999982e+00
-1.376627299999999998e+00	-1.187073100000000103e+00
-1.377881899999999993e+00	-1.198378599999999850e+00
-1.379058399999999907e+00	-1.187073100000000103e+00
-1.380225299999999988e+00	-1.243600400000000050e+00
-1.381565999999999850e+00	-1.198378599999999850e+00
-1.383022900000000055e+00	-1.153156800000000093e+00
-1.384373899999999935e+00	-1.198378599999999850e+00
-1.385520799999999886e+00	-1.198378599999999850e+00
-1.386620599999999870e+00	-1.175767699999999971e+00
-1.387905500000000014e+00	-1.220989499999999950e+00
-1.389327800000000002e+00	-1.232294900000000082e+00
-1.390659000000000090e+00	-1.164462200000000003e+00
-1.391857899999999981e+00	-1.175767699999999971e+00
-1.393036399999999952e+00	-1.220989499999999950e+00
-1.394238100000000147e+00	-1.277516799999999897e+00
-1.395444499999999977e+00	-1.288822300000000087e+00
-1.396687500000000082e+00	-1.209683999999999982e+00
-1.398006500000000152e+00	-1.209683999999999982e+00
-1.399350300000000047e+00	-1.153156800000000093e+00
-1.400657499999999889e+00	-1.220989499999999950e+00
-1.401942699999999986e+00	-1.254905799999999960e+00
-1.403211199999999881e+00	-1.232294900000000082e+00
-1.404383099999999995e+00	-1.220989499999999950e+00
-1.405453599999999970e+00	-1.187073100000000103e+00
-1.406623399999999968e+00	-1.220989499999999950e+00
-1.407986600000000088e+00	-1.232294900000000082e+00
-1.409317099999999989e+00	-1.243600400000000050e+00
-1.410439500000000068e+00	-1.198378599999999850e+00
-1.411530399999999963e+00	-1.153156800000000093e+00
-1.412828500000000043e+00	-1.220989499999999950e+00
-1.414265200000000000e+00	-1.243600400000000050e+00
-1.415631199999999978e+00	-1.232294900000000082e+00
-1.416910300000000067e+00	-1.175767699999999971e+00
-1.418204399999999810e+00	-1.209683999999999982e+00
-1.419512700000000072e+00	-1.187073100000000103e+00
-1.420760299999999976e+00	-1.164462200000000003e+00
-1.421947800000000095e+00	-1.141851299999999902e+00
-1.423088000000000131e+00	-1.198378599999999850e+00
-1.424164299999999939e+00	-1.254905799999999960e+00
-1.425296899999999978e+00	-1.232294900000000082e+00
-1.426584999999999992e+00	-1.175767699999999971e+00
-1.427896400000000066e+00	-1.187073100000000103e+00
-1.429158799999999951e+00	-1.243600400000000050e+00
-1.430449199999999976e+00	-1.300127800000000056e+00
-1.431711199999999851e+00	-1.311433200000000188e+00
-1.432884800000000070e+00	-1.209683999999999982e+00
-1.434131700000000009e+00	-1.209683999999999982e+00
-1.435588300000000039e+00	-1.277516799999999897e+00
-1.437123499999999998e+00	-1.266211399999999987e+00
-1.438476099999999924e+00	-1.277516799999999897e+00
-1.439586099999999869e+00	-1.220989499999999950e+00
-1.440731199999999879e+00	-1.254905799999999960e+00
-1.442099700000000206e+00	-1.232294900000000082e+00
-1.443458100000000188e+00	-1.243600400000000050e+00
-1.444629799999999964e+00	-1.311433200000000188e+00
-1.445753199999999961e+00	-1.288822300000000087e+00
-1.446903599999999956e+00	-1.277516799999999897e+00
-1.448098400000000119e+00	-1.243600400000000050e+00
-1.449402999999999997e+00	-1.243600400000000050e+00
-1.450669699999999951e+00	-1.209683999999999982e+00
-1.451705000000000023e+00	-1.243600400000000050e+00
-1.452725700000000009e+00	-1.243600400000000050e+00
-1.454054699999999922e+00	-1.311433200000000188e+00
-1.455562800000000045e+00	-1.277516799999999897e+00
-1.456948399999999921e+00	-1.311433200000000188e+00
-1.458228799999999881e+00	-1.266211399999999987e+00
-1.459556099999999912e+00	-1.254905799999999960e+00
-1.460888500000000034e+00	-1.243600400000000050e+00
-1.462134899999999904e+00	-1.209683999999999982e+00
-1.463332400000000089e+00	-1.209683999999999982e+00
-1.464570600000000056e+00	-1.243600400000000050e+00
-1.465903000000000178e+00	-1.130545899999999993e+00
-1.467216100000000134e+00	-1.187073100000000103e+00
-1.468371499999999941e+00	-1.164462200000000003e+00
-1.469520600000000066e+00	-1.175767699999999971e+00
-1.470819400000000110e+00	-1.220989499999999950e+00
-1.472160899999999994e+00	-1.232294900000000082e+00
-1.473455100000000018e+00	-1.266211399999999987e+00
-1.474732599999999838e+00	-1.220989499999999950e+00
-1.476022100000000004e+00	-1.220989499999999950e+00
-1.477299499999999988e+00	-1.254905799999999960e+00
-1.478536000000000072e+00	-1.243600400000000050e+00
-1.479798600000000075e+00	-1.198378599999999850e+00
-1.481150799999999990e+00	-1.187073100000000103e+00
-1.482473700000000116e+00	-1.209683999999999982e+00
-1.483624899999999913e+00	-1.209683999999999982e+00
-1.484723000000000015e+00	-1.209683999999999982e+00
-1.485963499999999993e+00	-1.266211399999999987e+00
-1.487303499999999890e+00	-1.209683999999999982e+00
-1.488608399999999943e+00	-1.209683999999999982e+00
-1.489886500000000114e+00	-1.243600400000000050e+00
-1.491225400000000034e+00	-1.266211399999999987e+00
-1.492595899999999975e+00	-1.277516799999999897e+00
-1.493887799999999988e+00	-1.232294900000000082e+00
-1.495158499999999835e+00	-1.266211399999999987e+00
-1.496522099999999966e+00	-1.288822300000000087e+00
-1.497846400000000022e+00	-1.254905799999999960e+00
-1.498951700000000109e+00	-1.209683999999999982e+00
-1.499956499999999915e+00	-1.175767699999999971e+00
-1.501132399999999922e+00	-1.232294900000000082e+00
-1.502550500000000122e+00	-1.220989499999999950e+00
-1.504018700000000042e+00	-1.220989499999999950e+00
-1.505340400000000134e+00	-1.198378599999999850e+00
-1.506512799999999874e+00	-1.311433200000000188e+00
-1.507649400000000028e+00	-1.254905799999999960e+00
-1.508831899999999893e+00	-1.232294900000000082e+00
-1.510104300000000066e+00	-1.277516799999999897e+00
-1.511483700000000097e+00	-1.300127800000000056e+00
-1.512869200000000136e+00	-1.311433200000000188e+00
-1.514118400000000086e+00	-1.300127800000000056e+00
-1.515330400000000077e+00	-1.311433200000000188e+00
-1.516688400000000048e+00	-1.334044099999999844e+00
-1.518023499999999970e+00	-1.300127800000000056e+00
-1.519138300000000052e+00	-1.266211399999999987e+00
-1.520264999999999977e+00	-1.288822300000000087e+00
-1.521572799999999948e+00	-1.300127800000000056e+00
-1.522870399999999957e+00	-1.277516799999999897e+00
-1.524117600000000072e+00	-1.266211399999999987e+00
-1.525470000000000104e+00	-1.266211399999999987e+00
-1.526866199999999951e+00	-1.311433200000000188e+00
-1.528106600000000093e+00	-1.311433200000000188e+00
-1.529205000000000148e+00	-1.288822300000000087e+00
-1.530389900000000081e+00	-1.277516799999999897e+00
-1.531730300000000211e+00	-1.232294900000000082e+00
-1.533063700000000029e+00	-1.277516799999999897e+00
-1.534355799999999936e+00	-1.288822300000000087e+00
-1.535679499999999864e+00	-1.288822300000000087e+00
-1.536979899999999954e+00	-1.311433200000000188e+00
-1.538176999999999905e+00	-1.288822300000000087e+00
-1.539325400000000066e+00	-1.300127800000000056e+00
-1.540562800000000010e+00	-1.254905799999999960e+00
-1.541900499999999896e+00	-1.300127800000000056e+00
-1.543182899999999913e+00	-1.288822300000000087e+00
-1.544354400000000016e+00	-1.300127800000000056e+00
-1.545546199999999981e+00	-1.367960500000000135e+00
-1.546859500000000054e+00	-1.311433200000000188e+00
-1.548239900000000002e+00	-1.277516799999999897e+00
-1.549559600000000037e+00	-1.300127800000000056e+00
-1.550798200000000016e+00	-1.334044099999999844e+00
-1.552100199999999930e+00	-1.311433200000000188e+00
-1.553485199999999899e+00	-1.311433200000000188e+00
-1.554725699999999877e+00	-1.322738699999999934e+00
-1.555762099999999926e+00	-1.311433200000000188e+00
-1.556845400000000046e+00	-1.356654999999999944e+00
-1.558155900000000038e+00	-1.345349600000000034e+00
-1.559554600000000013e+00	-1.322738699999999934e+00
-1.560840200000000122e+00	-1.334044099999999844e+00
-1.562114000000000003e+00	-1.334044099999999844e+00
-1.563524200000000031e+00	-1.390571400000000013e+00
-1.564943500000000043e+00	-1.322738699999999934e+00
-1.566234499999999974e+00	-1.311433200000000188e+00
-1.567405800000000182e+00	-1.334044099999999844e+00
-1.568526399999999876e+00	-1.288822300000000087e+00
-1.569730199999999964e+00	-1.345349600000000034e+00
-1.571083199999999902e+00	-1.300127800000000056e+00
-1.572503399999999996e+00	-1.334044099999999844e+00
-1.573906800000000050e+00	-1.311433200000000188e+00
-1.575206400000000118e+00	-1.334044099999999844e+00
-1.576319800000000049e+00	-1.367960500000000135e+00
-1.577426499999999843e+00	-1.356654999999999944e+00
-1.578793700000000078e+00	-1.334044099999999844e+00
-1.580273400000000050e+00	-1.334044099999999844e+00
-1.581578399999999940e+00	-1.345349600000000034e+00
-1.582789100000000060e+00	-1.379265900000000045e+00
-1.584054399999999863e+00	-1.367960500000000135e+00
-1.585310200000000114e+00	-1.356654999999999944e+00
-1.586563799999999969e+00	-1.356654999999999944e+00
-1.587924299999999844e+00	-1.345349600000000034e+00
-1.589328999999999992e+00	-1.401876799999999923e+00
-1.590644399999999958e+00	-1.379265900000000045e+00
-1.591895300000000013e+00	-1.379265900000000045e+00
-1.593160399999999921e+00	-1.356654999999999944e+00
-1.594433099999999826e+00	-1.334044099999999844e+00
-1.595713500000000007e+00	-1.322738699999999934e+00
-1.597029299999999985e+00	-1.345349600000000034e+00
-1.598332300000000039e+00	-1.334044099999999844e+00
-1.599590000000000067e+00	-1.367960500000000135e+00
-1.600850700000000071e+00	-1.367960500000000135e+00
-1.602098299999999975e+00	-1.379265900000000045e+00
-1.603293900000000161e+00	-1.367960500000000135e+00
-1.604513000000000078e+00	-1.367960500000000135e+00
-1.605793500000000096e+00	-1.356654999999999944e+00
-1.607094299999999976e+00	-1.367960500000000135e+00
-1.608413800000000116e+00	-1.367960500000000135e+00
-1.609688299999999961e+00	-1.356654999999999944e+00
-1.610879699999999914e+00	-1.356654999999999944e+00
-1.612120299999999951e+00	-1.345349600000000034e+00
-1.613445599999999924e+00	-1.413182299999999891e+00
-1.614716400000000052e+00	-1.356654999999999944e+00
-1.615936600000000167e+00	-1.334044099999999844e+00
-1.617208500000000049e+00	-1.334044099999999844e+00
-1.618468800000000041e+00	-1.300127800000000056e+00
-1.619690000000000074e+00	-1.345349600000000034e+00
-1.620990200000000048e+00	-1.345349600000000034e+00
-1.622358500000000037e+00	-1.334044099999999844e+00
-1.623661900000000102e+00	-1.345349600000000034e+00
-1.624849900000000069e+00	-1.345349600000000034e+00
-1.626010199999999850e+00	-1.311433200000000188e+00
-1.627269300000000030e+00	-1.367960500000000135e+00
-1.628589100000000123e+00	-1.379265900000000045e+00
-1.629865100000000178e+00	-1.379265900000000045e+00
-1.631135400000000013e+00	-1.356654999999999944e+00
-1.632398600000000144e+00	-1.322738699999999934e+00
-1.633609399999999878e+00	-1.390571400000000013e+00
-1.634866099999999989e+00	-1.379265900000000045e+00
-1.636217500000000102e+00	-1.356654999999999944e+00
-1.637558599999999975e+00	-1.390571400000000013e+00
-1.638809699999999925e+00	-1.435793300000000050e+00
-1.639981499999999981e+00	-1.413182299999999891e+00
-1.641176100000000027e+00	-1.379265900000000045e+00
-1.642483999999999833e+00	-1.379265900000000045e+00
-1.643832900000000041e+00	-1.334044099999999844e+00
-1.645152299999999901e+00	-1.288822300000000087e+00
-1.646499200000000052e+00	-1.334044099999999844e+00
-1.647819099999999981e+00	-1.424487700000000023e+00
-1.648989400000000050e+00	-1.401876799999999923e+00
-1.650138999999999800e+00	-1.356654999999999944e+00
-1.651442499999999924e+00	-1.379265900000000045e+00
-1.652827700000000011e+00	-1.379265900000000045e+00
-1.654193999999999942e+00	-1.367960500000000135e+00
-1.655519999999999881e+00	-1.356654999999999944e+00
-1.656759700000000057e+00	-1.367960500000000135e+00
-1.657941299999999840e+00	-1.334044099999999844e+00
-1.659164000000000083e+00	-1.367960500000000135e+00
-1.660464999999999858e+00	-1.356654999999999944e+00
-1.661856800000000023e+00	-1.345349600000000034e+00
-1.663281800000000032e+00	-1.334044099999999844e+00
-1.664609999999999923e+00	-1.379265900000000045e+00
-1.665863499999999942e+00	-1.367960500000000135e+00
-1.667156100000000141e+00	-1.367960500000000135e+00
-1.668473700000000060e+00	-1.300127800000000056e+00
-1.669745000000000035e+00	-1.390571400000000013e+00
-1.670963900000000057e+00	-1.379265900000000045e+00
-1.672188800000000031e+00	-1.356654999999999944e+00
-1.673492299999999933e+00	-1.345349600000000034e+00
-1.674836999999999909e+00	-1.379265900000000045e+00
-1.676123199999999924e+00	-1.356654999999999944e+00
-1.677409599999999834e+00	-1.311433200000000188e+00
-1.678788699999999912e+00	-1.367960500000000135e+00
-1.680161099999999852e+00	-1.356654999999999944e+00
-1.681385099999999966e+00	-1.401876799999999923e+00
-1.682473600000000014e+00	-1.424487700000000023e+00
-1.683563900000000002e+00	-1.401876799999999923e+00
-1.684787800000000058e+00	-1.334044099999999844e+00
-1.686177000000000037e+00	-1.367960500000000135e+00
-1.687641900000000028e+00	-1.367960500000000135e+00
-1.689024899999999940e+00	-1.379265900000000045e+00
-1.690260899999999955e+00	-1.367960500000000135e+00
-1.691424499999999886e+00	-1.390571400000000013e+00
-1.692607199999999867e+00	-1.356654999999999944e+00
-1.693867699999999976e+00	-1.390571400000000013e+00
-1.695229199999999992e+00	-1.413182299999999891e+00
-1.696630199999999977e+00	-1.367960500000000135e+00
-1.697959100000000054e+00	-1.390571400000000013e+00
-1.699226599999999809e+00	-1.401876799999999923e+00
-1.700523699999999971e+00	-1.379265900000000045e+00
-1.701761300000000032e+00	-1.401876799999999923e+00
-1.702858299999999936e+00	-1.356654999999999944e+00
-1.704067599999999905e+00	-1.311433200000000188e+00
-1.705576600000000109e+00	-1.379265900000000045e+00
-1.707124500000000156e+00	-1.334044099999999844e+00
-1.708445800000000014e+00	-1.334044099999999844e+00
-1.709625699999999915e+00	-1.379265900000000045e+00
-1.710816499999999962e+00	-1.367960500000000135e+00
-1.712020099999999934e+00	-1.379265900000000045e+00
-1.713234300000000099e+00	-1.356654999999999944e+00
-1.714515599999999917e+00	-1.322738699999999934e+00
-1.715865399999999985e+00	-1.379265900000000045e+00
-1.717253799999999941e+00	-1.401876799999999923e+00
-1.718677999999999928e+00	-1.390571400000000013e+00
-1.720076099999999997e+00	-1.367960500000000135e+00
-1.721384900000000107e+00	-1.367960500000000135e+00
-1.722637200000000091e+00	-1.345349600000000034e+00
-1.723847800000000152e+00	-1.288822300000000087e+00
-1.725031299999999934e+00	-1.345349600000000034e+00
-1.726259100000000046e+00	-1.401876799999999923e+00
-1.727556099999999928e+00	-1.334044099999999844e+00
-1.728870499999999977e+00	-1.356654999999999944e+00
-1.730149500000000007e+00	-1.367960500000000135e+00
-1.731429300000000060e+00	-1.367960500000000135e+00
-1.732807800000000009e+00	-1.300127800000000056e+00
-1.734267400000000015e+00	-1.401876799999999923e+00
-1.735636700000000143e+00	-1.390571400000000013e+00
-1.736842500000000067e+00	-1.356654999999999944e+00
-1.738018900000000144e+00	-1.356654999999999944e+00
-1.739254300000000031e+00	-1.345349600000000034e+00
-1.740499899999999878e+00	-1.322738699999999934e+00
-1.741727000000000025e+00	-1.322738699999999934e+00
-1.742970200000000025e+00	-1.334044099999999844e+00
-1.744254600000000099e+00	-1.379265900000000045e+00
-1.745583700000000071e+00	-1.345349600000000034e+00
-1.746984699999999835e+00	-1.334044099999999844e+00
-1.748409700000000067e+00	-1.311433200000000188e+00
-1.749727100000000091e+00	-1.288822300000000087e+00
-1.750946399999999903e+00	-1.288822300000000087e+00
-1.752168400000000181e+00	-1.288822300000000087e+00
-1.753426099999999987e+00	-1.334044099999999844e+00
-1.754746299999999870e+00	-1.345349600000000034e+00
-1.756081800000000026e+00	-1.322738699999999934e+00
-1.757284100000000127e+00	-1.334044099999999844e+00
-1.758373300000000139e+00	-1.345349600000000034e+00
-1.759525199999999900e+00	-1.356654999999999944e+00
-1.760843799999999959e+00	-1.367960500000000135e+00
-1.762359800000000032e+00	-1.367960500000000135e+00
-1.763876500000000069e+00	-1.345349600000000034e+00
-1.765111600000000003e+00	-1.367960500000000135e+00
-1.766232800000000047e+00	-1.345349600000000034e+00
-1.767521399999999909e+00	-1.356654999999999944e+00
-1.768828300000000020e+00	-1.413182299999999891e+00
-1.769996700000000089e+00	-1.424487700000000023e+00
-1.771197499999999980e+00	-1.367960500000000135e+00
-1.772593599999999991e+00	-1.379265900000000045e+00
-1.774093099999999978e+00	-1.401876799999999923e+00
-1.775466000000000211e+00	-1.401876799999999923e+00
-1.776666900000000160e+00	-1.401876799999999923e+00
-1.777877100000000210e+00	-1.401876799999999923e+00
-1.779130499999999948e+00	-1.447098700000000182e+00
-1.780316200000000126e+00	-1.447098700000000182e+00
-1.781525199999999920e+00	-1.401876799999999923e+00
-1.782903600000000033e+00	-1.379265900000000045e+00
-1.784347499999999975e+00	-1.379265900000000045e+00
-1.785654400000000086e+00	-1.379265900000000045e+00
-1.786836499999999939e+00	-1.379265900000000045e+00
-1.788109999999999866e+00	-1.356654999999999944e+00
-1.789507099999999795e+00	-1.356654999999999944e+00
-1.790854500000000016e+00	-1.367960500000000135e+00
-1.792135000000000034e+00	-1.367960500000000135e+00
-1.793392400000000109e+00	-1.447098700000000182e+00
-1.794583999999999957e+00	-1.447098700000000182e+00
-1.795787199999999917e+00	-1.379265900000000045e+00
-1.797116299999999889e+00	-1.390571400000000013e+00
-1.798519599999999885e+00	-1.390571400000000013e+00
-1.799946899999999905e+00	-1.401876799999999923e+00
-1.801393400000000034e+00	-1.424487700000000023e+00
-1.802745400000000053e+00	-1.481015100000000029e+00
-1.803906500000000079e+00	-1.413182299999999891e+00
-1.804965399999999942e+00	-1.367960500000000135e+00
-1.806152299999999933e+00	-1.356654999999999944e+00
-1.807619800000000110e+00	-1.435793300000000050e+00
-1.809198899999999943e+00	-1.424487700000000023e+00
-1.810594100000000095e+00	-1.413182299999999891e+00
-1.811815500000000023e+00	-1.435793300000000050e+00
-1.813080000000000025e+00	-1.413182299999999891e+00
-1.814414100000000030e+00	-1.413182299999999891e+00
-1.815726299999999904e+00	-1.435793300000000050e+00
-1.817023800000000078e+00	-1.458404199999999928e+00
-1.818301799999999968e+00	-1.401876799999999923e+00
-1.819504099999999847e+00	-1.469709600000000060e+00
-1.820623300000000055e+00	-1.469709600000000060e+00
-1.821713700000000102e+00	-1.435793300000000050e+00
-1.822889500000000051e+00	-1.458404199999999928e+00
-1.824249100000000068e+00	-1.492320499999999939e+00
-1.825713299999999872e+00	-1.458404199999999928e+00
-1.827076499999999992e+00	-1.413182299999999891e+00
-1.828236100000000031e+00	-1.413182299999999891e+00
-1.829282399999999864e+00	-1.424487700000000023e+00
-1.830429799999999885e+00	-1.458404199999999928e+00
-1.831822700000000026e+00	-1.458404199999999928e+00
-1.833356800000000009e+00	-1.458404199999999928e+00
-1.834809300000000087e+00	-1.469709600000000060e+00
-1.836080399999999946e+00	-1.469709600000000060e+00
-1.837282100000000140e+00	-1.560153200000000018e+00
-1.838601400000000163e+00	-1.560153200000000018e+00
-1.839989099999999933e+00	-1.503626000000000129e+00
-1.841240100000000046e+00	-1.435793300000000050e+00
-1.842399299999999851e+00	-1.514931400000000039e+00
-1.843626599999999893e+00	-1.503626000000000129e+00
-1.844870599999999916e+00	-1.469709600000000060e+00
-1.846092200000000183e+00	-1.413182299999999891e+00
-1.847434500000000090e+00	-1.514931400000000039e+00
-1.848884200000000089e+00	-1.503626000000000129e+00
-1.850203000000000042e+00	-1.458404199999999928e+00
-1.851347599999999982e+00	-1.413182299999999891e+00
-1.852535900000000124e+00	-1.424487700000000023e+00
-1.853895599999999977e+00	-1.435793300000000050e+00
-1.855309299999999828e+00	-1.447098700000000182e+00
-1.856587100000000046e+00	-1.413182299999999891e+00
-1.857728599999999952e+00	-1.469709600000000060e+00
-1.858894800000000069e+00	-1.447098700000000182e+00
-1.860187400000000046e+00	-1.458404199999999928e+00
-1.861634000000000011e+00	-1.469709600000000060e+00
-1.863187200000000043e+00	-1.503626000000000129e+00
-1.864680300000000068e+00	-1.514931400000000039e+00
-1.866006900000000135e+00	-1.492320499999999939e+00
-1.867260200000000037e+00	-1.481015100000000029e+00
-1.868578899999999932e+00	-1.469709600000000060e+00
-1.869922899999999943e+00	-1.481015100000000029e+00
-1.871128899999999984e+00	-1.469709600000000060e+00
-1.872230300000000014e+00	-1.458404199999999928e+00
-1.873490299999999831e+00	-1.492320499999999939e+00
-1.874991499999999922e+00	-1.492320499999999939e+00
-1.876476299999999986e+00	-1.548847800000000108e+00
-1.877735399999999943e+00	-1.492320499999999939e+00
-1.878877400000000142e+00	-1.458404199999999928e+00
-1.880128100000000080e+00	-1.514931400000000039e+00
-1.881528199999999984e+00	-1.537542299999999917e+00
-1.882901199999999831e+00	-1.503626000000000129e+00
-1.884138000000000090e+00	-1.481015100000000029e+00
-1.885312899999999958e+00	-1.447098700000000182e+00
-1.886520099999999811e+00	-1.560153200000000018e+00
-1.887837900000000069e+00	-1.514931400000000039e+00
-1.889262100000000055e+00	-1.514931400000000039e+00
-1.890637200000000018e+00	-1.503626000000000129e+00
-1.891888399999999804e+00	-1.514931400000000039e+00
-1.893141200000000079e+00	-1.458404199999999928e+00
-1.894516000000000089e+00	-1.503626000000000129e+00
-1.895929199999999870e+00	-1.514931400000000039e+00
-1.897197399999999812e+00	-1.537542299999999917e+00
-1.898345700000000136e+00	-1.492320499999999939e+00
-1.899559800000000021e+00	-1.560153200000000018e+00
-1.900861700000000098e+00	-1.537542299999999917e+00
-1.902171000000000056e+00	-1.571458699999999986e+00
-1.903525499999999981e+00	-1.537542299999999917e+00
-1.904901600000000084e+00	-1.560153200000000018e+00
-1.906147599999999942e+00	-1.503626000000000129e+00
-1.907321999999999962e+00	-1.571458699999999986e+00
-1.908644400000000019e+00	-1.594069699999999923e+00
-1.910114199999999984e+00	-1.548847800000000108e+00
-1.911560700000000113e+00	-1.537542299999999917e+00
-1.912899099999999963e+00	-1.537542299999999917e+00
-1.914159200000000061e+00	-1.514931400000000039e+00
-1.915366300000000077e+00	-1.526236900000000007e+00
-1.916539800000000238e+00	-1.526236900000000007e+00
-1.917804200000000181e+00	-1.435793300000000050e+00
-1.919188900000000197e+00	-1.481015100000000029e+00
-1.920538400000000090e+00	-1.560153200000000018e+00
-1.921806200000000020e+00	-1.560153200000000018e+00
-1.923041100000000059e+00	-1.571458699999999986e+00
-1.924246399999999912e+00	-1.560153200000000018e+00
-1.925493099999999957e+00	-1.605375100000000055e+00
-1.926871199999999895e+00	-1.537542299999999917e+00
-1.928323900000000091e+00	-1.514931400000000039e+00
-1.929681500000000050e+00	-1.548847800000000108e+00
-1.930861299999999892e+00	-1.492320499999999939e+00
-1.932015000000000038e+00	-1.537542299999999917e+00
-1.933324000000000042e+00	-1.537542299999999917e+00
-1.934749900000000133e+00	-1.492320499999999939e+00
-1.936165499999999984e+00	-1.503626000000000129e+00
-1.937484700000000171e+00	-1.526236900000000007e+00
-1.938684800000000097e+00	-1.537542299999999917e+00
-1.939881300000000142e+00	-1.514931400000000039e+00
-1.941177700000000117e+00	-1.594069699999999923e+00
-1.942485800000000262e+00	-1.537542299999999917e+00
-1.943743900000000080e+00	-1.548847800000000108e+00
-1.945075399999999899e+00	-1.537542299999999917e+00
-1.946499700000000166e+00	-1.560153200000000018e+00
-1.947858199999999984e+00	-1.526236900000000007e+00
-1.949131500000000017e+00	-1.560153200000000018e+00
-1.950421400000000194e+00	-1.548847800000000108e+00
-1.951686500000000102e+00	-1.560153200000000018e+00
-1.952875699999999881e+00	-1.481015100000000029e+00
-1.954110500000000084e+00	-1.481015100000000029e+00
-1.955474099999999771e+00	-1.481015100000000029e+00
-1.956893599999999900e+00	-1.458404199999999928e+00
-1.958251500000000256e+00	-1.492320499999999939e+00
-1.959474499999999786e+00	-1.492320499999999939e+00
-1.960675299999999899e+00	-1.537542299999999917e+00
-1.962044500000000191e+00	-1.548847800000000108e+00
-1.963517000000000179e+00	-1.548847800000000108e+00
-1.964903300000000241e+00	-1.526236900000000007e+00
-1.966169999999999973e+00	-1.560153200000000018e+00
-1.967333899999999858e+00	-1.548847800000000108e+00
-1.968456899999999843e+00	-1.560153200000000018e+00
-1.969702500000000134e+00	-1.492320499999999939e+00
-1.971122400000000052e+00	-1.514931400000000039e+00
-1.972600799999999932e+00	-1.514931400000000039e+00
-1.974000500000000269e+00	-1.537542299999999917e+00
-1.975293299999999697e+00	-1.548847800000000108e+00
-1.976566200000000162e+00	-1.537542299999999917e+00
-1.977840800000000065e+00	-1.503626000000000129e+00
-1.979098900000000105e+00	-1.537542299999999917e+00
-1.980433999999999806e+00	-1.526236900000000007e+00
-1.981865999999999906e+00	-1.526236900000000007e+00
-1.983234799999999964e+00	-1.526236900000000007e+00
-1.984454200000000057e+00	-1.503626000000000129e+00
-1.985588599999999815e+00	-1.537542299999999917e+00
-1.986727700000000096e+00	-1.537542299999999917e+00
-1.987987399999999960e+00	-1.481015100000000029e+00
-1.989404600000000078e+00	-1.537542299999999917e+00
-1.990816600000000047e+00	-1.526236900000000007e+00
-1.992126300000000017e+00	-1.571458699999999986e+00
-1.993469800000000181e+00	-1.537542299999999917e+00
-1.994864999999999888e+00	-1.594069699999999923e+00
-1.996116900000000083e+00	-1.514931400000000039e+00
-1.997272199999999831e+00	-1.492320499999999939e+00
-1.998564399999999797e+00	-1.548847800000000108e+00
-1.999941800000000214e+00	-1.503626000000000129e+00
-2.001243999999999801e+00	-1.514931400000000039e+00
-2.002533599999999581e+00	-1.537542299999999917e+00
-2.003883099999999917e+00	-1.582764100000000118e+00
-2.005194299999999874e+00	-1.582764100000000118e+00
-2.006412200000000201e+00	-1.548847800000000108e+00
-2.007641299999999962e+00	-1.537542299999999917e+00
-2.008944900000000366e+00	-1.537542299999999917e+00
-2.010304599999999997e+00	-1.514931400000000039e+00
-2.011740000000000084e+00	-1.514931400000000039e+00
-2.013221099999999986e+00	-1.582764100000000118e+00
-2.014616300000000138e+00	-1.616680600000000023e+00
-2.015842499999999760e+00	-1.605375100000000055e+00
-2.016988899999999862e+00	-1.639291500000000124e+00
-2.018204700000000074e+00	-1.661902400000000002e+00
-2.019558200000000081e+00	-1.639291500000000124e+00
-2.021026099999999825e+00	-1.571458699999999986e+00
-2.022461999999999982e+00	-1.582764100000000118e+00
-2.023730500000000099e+00	-1.661902400000000002e+00
-2.024934000000000012e+00	-1.594069699999999923e+00
-2.026220300000000307e+00	-1.594069699999999923e+00
-2.027503099999999669e+00	-1.616680600000000023e+00
-2.028697999999999890e+00	-1.594069699999999923e+00
-2.029909200000000080e+00	-1.582764100000000118e+00
-2.031220400000000037e+00	-1.560153200000000018e+00
-2.032599899999999682e+00	-1.560153200000000018e+00
-2.033954599999999946e+00	-1.526236900000000007e+00
-2.035206099999999907e+00	-1.526236900000000007e+00
-2.036395499999999803e+00	-1.571458699999999986e+00
-2.037631900000000051e+00	-1.594069699999999923e+00
-2.038921799999999784e+00	-1.594069699999999923e+00
-2.040157800000000243e+00	-1.594069699999999923e+00
-2.041362900000000202e+00	-1.571458699999999986e+00
-2.042734900000000131e+00	-1.560153200000000018e+00
-2.044235499999999650e+00	-1.616680600000000023e+00
-2.045570899999999970e+00	-1.605375100000000055e+00
-2.046753700000000009e+00	-1.605375100000000055e+00
-2.048044099999999812e+00	-1.639291500000000124e+00
-2.049439900000000314e+00	-1.605375100000000055e+00
-2.050849400000000156e+00	-1.571458699999999986e+00
-2.052306199999999858e+00	-1.605375100000000055e+00
-2.053723199999999860e+00	-1.605375100000000055e+00
-2.054987800000000142e+00	-1.582764100000000118e+00
-2.056191099999999938e+00	-1.594069699999999923e+00
-2.057460099999999681e+00	-1.571458699999999986e+00
-2.058804499999999926e+00	-1.503626000000000129e+00
-2.060183300000000273e+00	-1.537542299999999917e+00
-2.061576399999999865e+00	-1.582764100000000118e+00
-2.062943799999999772e+00	-1.537542299999999917e+00
-2.064230100000000068e+00	-1.560153200000000018e+00
-2.065475699999999915e+00	-1.605375100000000055e+00
-2.066775800000000274e+00	-1.526236900000000007e+00
-2.068184099999999859e+00	-1.492320499999999939e+00
-2.069646600000000003e+00	-1.503626000000000129e+00
-2.070992899999999803e+00	-1.548847800000000108e+00
-2.072194999999999787e+00	-1.594069699999999923e+00
-2.073451500000000003e+00	-1.548847800000000108e+00
-2.074835300000000160e+00	-1.492320499999999939e+00
-2.076165899999999898e+00	-1.514931400000000039e+00
-2.077316099999999999e+00	-1.481015100000000029e+00
-2.078410700000000055e+00	-1.503626000000000129e+00
-2.079621900000000245e+00	-1.492320499999999939e+00
-2.080933700000000108e+00	-1.469709600000000060e+00
-2.082266300000000125e+00	-1.503626000000000129e+00
-2.083627599999999802e+00	-1.537542299999999917e+00
-2.085014300000000098e+00	-1.514931400000000039e+00
-2.086388600000000260e+00	-1.492320499999999939e+00
-2.087741199999999964e+00	-1.548847800000000108e+00
-2.089076599999999839e+00	-1.526236900000000007e+00
-2.090416499999999900e+00	-1.514931400000000039e+00
-2.091729099999999786e+00	-1.560153200000000018e+00
-2.092909899999999990e+00	-1.526236900000000007e+00
-2.094054700000000047e+00	-1.560153200000000018e+00
-2.095408500000000007e+00	-1.560153200000000018e+00
-2.096933700000000123e+00	-1.548847800000000108e+00
-2.098402999999999796e+00	-1.514931400000000039e+00
-2.099757700000000060e+00	-1.514931400000000039e+00
-2.101035800000000009e+00	-1.503626000000000129e+00
-2.102256300000000078e+00	-1.492320499999999939e+00
-2.103497999999999646e+00	-1.514931400000000039e+00
-2.104829500000000131e+00	-1.503626000000000129e+00
-2.106183299999999647e+00	-1.537542299999999917e+00
-2.107467699999999944e+00	-1.492320499999999939e+00
-2.108720499999999998e+00	-1.537542299999999917e+00
-2.110029799999999955e+00	-1.537542299999999917e+00
-2.111372400000000038e+00	-1.492320499999999939e+00
-2.112684299999999737e+00	-1.447098700000000182e+00
-2.114008600000000015e+00	-1.458404199999999928e+00
-2.115412599999999976e+00	-1.503626000000000129e+00
-2.116852600000000084e+00	-1.503626000000000129e+00
-2.118181100000000150e+00	-1.526236900000000007e+00
-2.119347799999999893e+00	-1.537542299999999917e+00
-2.120543300000000020e+00	-1.514931400000000039e+00
-2.121917300000000228e+00	-1.560153200000000018e+00
-2.123365699999999912e+00	-1.537542299999999917e+00
-2.124740099999999909e+00	-1.481015100000000029e+00
-2.126017299999999999e+00	-1.537542299999999917e+00
-2.127317700000000311e+00	-1.582764100000000118e+00
-2.128716199999999947e+00	-1.582764100000000118e+00
-2.130065699999999840e+00	-1.571458699999999986e+00
-2.131286499999999862e+00	-1.582764100000000118e+00
-2.132489300000000032e+00	-1.560153200000000018e+00
-2.133762999999999632e+00	-1.526236900000000007e+00
-2.135176100000000243e+00	-1.548847800000000108e+00
-2.136676599999999926e+00	-1.526236900000000007e+00
-2.138055600000000389e+00	-1.526236900000000007e+00
-2.139271599999999829e+00	-1.514931400000000039e+00
-2.140510300000000310e+00	-1.526236900000000007e+00
-2.141904400000000042e+00	-1.514931400000000039e+00
-2.143369599999999764e+00	-1.492320499999999939e+00
-2.144732899999999720e+00	-1.537542299999999917e+00
-2.145952999999999999e+00	-1.526236900000000007e+00
-2.147165299999999721e+00	-1.526236900000000007e+00
-2.148514800000000058e+00	-1.548847800000000108e+00
-2.149951100000000004e+00	-1.526236900000000007e+00
-2.151307199999999753e+00	-1.514931400000000039e+00
-2.152573400000000081e+00	-1.605375100000000055e+00
-2.153888799999999826e+00	-1.582764100000000118e+00
-2.155275799999999631e+00	-1.571458699999999986e+00
-2.156630700000000012e+00	-1.582764100000000118e+00
-2.157958100000000101e+00	-1.594069699999999923e+00
-2.159344799999999953e+00	-1.560153200000000018e+00
-2.160760200000000353e+00	-1.582764100000000118e+00
-2.162090099999999904e+00	-1.605375100000000055e+00
-2.163335700000000195e+00	-1.616680600000000023e+00
-2.164611900000000144e+00	-1.605375100000000055e+00
