# ZSnsr (um)	Defl (nm)
1.474747899999999889e+00	-1.902708700000000164e+01
1.475420399999999965e+00	-1.897055999999999898e+01
1.475976799999999978e+00	-1.889142199999999860e+01
1.476616300000000104e+00	-1.891403100000000137e+01
1.477303699999999997e+00	-1.893664200000000264e+01
1.477938599999999880e+00	-1.891403100000000137e+01
1.478621599999999869e+00	-1.893664200000000264e+01
1.479363200000000100e+00	-1.895925399999999783e+01
1.480115099999999906e+00	-1.893664200000000264e+01
1.480951900000000210e+00	-1.893664200000000264e+01
1.481836299999999884e+00	-1.892533799999999999e+01
1.482609400000000077e+00	-1.892533799999999999e+01
1.483283799999999930e+00	-1.897055999999999898e+01
1.483996799999999894e+00	-1.899317000000000277e+01
1.484815599999999902e+00	-1.892533799999999999e+01
1.485739199999999816e+00	-1.891403100000000137e+01
1.486738000000000115e+00	-1.892533799999999999e+01
1.487713199999999958e+00	-1.895925399999999783e+01
1.488549099999999958e+00	-1.899317000000000277e+01
1.489280699999999902e+00	-1.893664200000000264e+01
1.490020399999999912e+00	-1.889142199999999860e+01
1.490788800000000025e+00	-1.894794899999999771e+01
1.491611800000000043e+00	-1.895925399999999783e+01
1.492513699999999943e+00	-1.894794899999999771e+01
1.493449199999999921e+00	-1.897055999999999898e+01
1.494383400000000028e+00	-1.895925399999999783e+01
1.495281399999999872e+00	-1.891403100000000137e+01
1.496145199999999953e+00	-1.892533799999999999e+01
1.497007699999999941e+00	-1.894794899999999771e+01
1.497821499999999917e+00	-1.895925399999999783e+01
1.498601399999999861e+00	-1.893664200000000264e+01
1.499479300000000181e+00	-1.899317000000000277e+01
1.500462900000000044e+00	-1.900447600000000037e+01
1.501425499999999857e+00	-1.895925399999999783e+01
1.502285399999999882e+00	-1.895925399999999783e+01
1.503054899999999972e+00	-1.897055999999999898e+01
1.503845600000000005e+00	-1.901578100000000049e+01
1.504770399999999952e+00	-1.900447600000000037e+01
1.505749299999999957e+00	-1.894794899999999771e+01
1.506645000000000012e+00	-1.892533799999999999e+01
1.507539399999999974e+00	-1.892533799999999999e+01
1.508552499999999963e+00	-1.893664200000000264e+01
1.509627199999999947e+00	-1.892533799999999999e+01
1.510650700000000013e+00	-1.892533799999999999e+01
1.511519100000000115e+00	-1.894794899999999771e+01
1.512257200000000079e+00	-1.893664200000000264e+01
1.513076100000000146e+00	-1.897055999999999898e+01
1.514030900000000068e+00	-1.895925399999999783e+01
1.514969299999999963e+00	-1.895925399999999783e+01
1.515867199999999970e+00	-1.899317000000000277e+01
1.516788999999999943e+00	-1.894794899999999771e+01
1.517745499999999970e+00	-1.889142199999999860e+01
1.518724600000000091e+00	-1.886881100000000089e+01
1.519688499999999998e+00	-1.892533799999999999e+01
1.520670999999999884e+00	-1.894794899999999771e+01
1.521654999999999980e+00	-1.893664200000000264e+01
1.522469599999999978e+00	-1.891403100000000137e+01
1.523159900000000011e+00	-1.897055999999999898e+01
1.523966799999999955e+00	-1.901578100000000049e+01
1.524936599999999975e+00	-1.899317000000000277e+01
1.525946800000000048e+00	-1.900447600000000037e+01
1.526923800000000053e+00	-1.899317000000000277e+01
1.527897199999999955e+00	-1.899317000000000277e+01
1.528907500000000086e+00	-1.901578100000000049e+01
1.529930000000000012e+00	-1.898186499999999910e+01
1.530887400000000120e+00	-1.899317000000000277e+01
1.531744400000000006e+00	-1.898186499999999910e+01
1.532608200000000087e+00	-1.900447600000000037e+01
1.533569500000000030e+00	-1.900447600000000037e+01
1.534517200000000026e+00	-1.901578100000000049e+01
1.535378699999999874e+00	-1.901578100000000049e+01
1.536302899999999916e+00	-1.902708700000000164e+01
1.537354899999999969e+00	-1.902708700000000164e+01
1.538366999999999818e+00	-1.904969700000000188e+01
1.539232700000000120e+00	-1.914014200000000088e+01
1.540107200000000010e+00	-1.908361500000000177e+01
1.541166400000000047e+00	-1.903839200000000176e+01
1.542308800000000035e+00	-1.900447600000000037e+01
1.543351000000000139e+00	-1.901578100000000049e+01
1.544300299999999959e+00	-1.901578100000000049e+01
1.545199299999999942e+00	-1.900447600000000037e+01
1.546073699999999995e+00	-1.898186499999999910e+01
1.547033399999999892e+00	-1.907230799999999959e+01
1.548049100000000067e+00	-1.902708700000000164e+01
1.548972999999999933e+00	-1.903839200000000176e+01
1.549909299999999934e+00	-1.897055999999999898e+01
1.550994900000000065e+00	-1.901578100000000049e+01
1.552045299999999850e+00	-1.902708700000000164e+01
1.552900799999999970e+00	-1.898186499999999910e+01
1.553691300000000108e+00	-1.898186499999999910e+01
1.554615999999999998e+00	-1.900447600000000037e+01
1.555689800000000123e+00	-1.902708700000000164e+01
1.556674399999999903e+00	-1.903839200000000176e+01
1.557469500000000062e+00	-1.902708700000000164e+01
1.558339900000000000e+00	-1.901578100000000049e+01
1.559452599999999967e+00	-1.901578100000000049e+01
1.560636999999999830e+00	-1.897055999999999898e+01
1.561678000000000122e+00	-1.903839200000000176e+01
1.562551200000000140e+00	-1.902708700000000164e+01
1.563377100000000075e+00	-1.899317000000000277e+01
1.564281500000000102e+00	-1.899317000000000277e+01
1.565313900000000036e+00	-1.903839200000000176e+01
1.566416599999999937e+00	-1.903839200000000176e+01
1.567474000000000034e+00	-1.901578100000000049e+01
1.568417999999999868e+00	-1.902708700000000164e+01
1.569293700000000014e+00	-1.901578100000000049e+01
1.570202499999999946e+00	-1.897055999999999898e+01
1.571149699999999871e+00	-1.904969700000000188e+01
1.572083200000000014e+00	-1.904969700000000188e+01
1.573072199999999921e+00	-1.904969700000000188e+01
1.574165799999999837e+00	-1.901578100000000049e+01
1.575277500000000108e+00	-1.900447600000000037e+01
1.576349299999999953e+00	-1.909491900000000086e+01
1.577359599999999862e+00	-1.907230799999999959e+01
1.578300000000000036e+00	-1.908361500000000177e+01
1.579187699999999861e+00	-1.907230799999999959e+01
1.580047900000000061e+00	-1.907230799999999959e+01
1.580982499999999957e+00	-1.908361500000000177e+01
1.582040800000000136e+00	-1.903839200000000176e+01
1.583070699999999942e+00	-1.906100299999999947e+01
1.583982100000000059e+00	-1.907230799999999959e+01
1.584902299999999986e+00	-1.907230799999999959e+01
1.585865199999999975e+00	-1.903839200000000176e+01
1.586791999999999980e+00	-1.903839200000000176e+01
1.587784700000000049e+00	-1.908361500000000177e+01
1.588941699999999901e+00	-1.909491900000000086e+01
1.590091499999999991e+00	-1.899317000000000277e+01
1.591026700000000016e+00	-1.900447600000000037e+01
1.591798100000000105e+00	-1.909491900000000086e+01
1.592694199999999949e+00	-1.908361500000000177e+01
1.593845599999999862e+00	-1.906100299999999947e+01
1.594989199999999885e+00	-1.902708700000000164e+01
1.595931199999999883e+00	-1.900447600000000037e+01
1.596833299999999900e+00	-1.904969700000000188e+01
1.597820999999999936e+00	-1.904969700000000188e+01
1.598801599999999823e+00	-1.903839200000000176e+01
1.599717100000000114e+00	-1.902708700000000164e+01
1.600686199999999948e+00	-1.908361500000000177e+01
1.601794699999999905e+00	-1.907230799999999959e+01
1.602893499999999971e+00	-1.907230799999999959e+01
1.603849599999999986e+00	-1.909491900000000086e+01
1.604729499999999920e+00	-1.907230799999999959e+01
1.605592299999999861e+00	-1.906100299999999947e+01
1.606447500000000028e+00	-1.910622400000000098e+01
1.607375200000000115e+00	-1.906100299999999947e+01
1.608444700000000172e+00	-1.909491900000000086e+01
1.609592700000000098e+00	-1.902708700000000164e+01
1.610695699999999952e+00	-1.901578100000000049e+01
1.611696100000000076e+00	-1.903839200000000176e+01
1.612631199999999820e+00	-1.906100299999999947e+01
1.613615599999999928e+00	-1.904969700000000188e+01
1.614683800000000113e+00	-1.901578100000000049e+01
1.615751399999999949e+00	-1.900447600000000037e+01
1.616770999999999958e+00	-1.902708700000000164e+01
1.617653000000000008e+00	-1.906100299999999947e+01
1.618412999999999879e+00	-1.903839200000000176e+01
1.619383400000000028e+00	-1.898186499999999910e+01
1.620651300000000017e+00	-1.901578100000000049e+01
1.621830499999999953e+00	-1.903839200000000176e+01
1.622753499999999960e+00	-1.901578100000000049e+01
1.623639700000000019e+00	-1.899317000000000277e+01
1.624624199999999963e+00	-1.901578100000000049e+01
1.625636100000000139e+00	-1.900447600000000037e+01
1.626571800000000012e+00	-1.903839200000000176e+01
1.627445800000000053e+00	-1.902708700000000164e+01
1.628365899999999922e+00	-1.901578100000000049e+01
1.629352499999999981e+00	-1.897055999999999898e+01
1.630371100000000073e+00	-1.895925399999999783e+01
1.631413999999999920e+00	-1.895925399999999783e+01
1.632434999999999858e+00	-1.897055999999999898e+01
1.633414499999999991e+00	-1.897055999999999898e+01
1.634396300000000135e+00	-1.891403100000000137e+01
1.635416899999999840e+00	-1.895925399999999783e+01
1.636457200000000167e+00	-1.899317000000000277e+01
1.637423799999999874e+00	-1.898186499999999910e+01
1.638316600000000012e+00	-1.898186499999999910e+01
1.639286699999999986e+00	-1.897055999999999898e+01
1.640352500000000102e+00	-1.897055999999999898e+01
1.641369999999999996e+00	-1.898186499999999910e+01
1.642324300000000070e+00	-1.895925399999999783e+01
1.643322799999999972e+00	-1.898186499999999910e+01
1.644355699999999976e+00	-1.898186499999999910e+01
1.645321599999999940e+00	-1.894794899999999771e+01
1.646263199999999927e+00	-1.895925399999999783e+01
1.647312300000000063e+00	-1.889142199999999860e+01
1.648435400000000106e+00	-1.895925399999999783e+01
1.649525899999999989e+00	-1.900447600000000037e+01
1.650569299999999906e+00	-1.894794899999999771e+01
1.651519500000000029e+00	-1.889142199999999860e+01
1.652366900000000083e+00	-1.894794899999999771e+01
1.653331899999999965e+00	-1.893664200000000264e+01
1.654555699999999963e+00	-1.894794899999999771e+01
1.655785999999999980e+00	-1.892533799999999999e+01
1.656746300000000005e+00	-1.890272599999999770e+01
1.657572899999999905e+00	-1.893664200000000264e+01
1.658540699999999868e+00	-1.890272599999999770e+01
1.659624299999999941e+00	-1.892533799999999999e+01
1.660649400000000053e+00	-1.895925399999999783e+01
1.661620199999999992e+00	-1.897055999999999898e+01
1.662644299999999964e+00	-1.892533799999999999e+01
1.663694299999999959e+00	-1.894794899999999771e+01
1.664678300000000055e+00	-1.894794899999999771e+01
1.665624800000000016e+00	-1.891403100000000137e+01
1.666597399999999896e+00	-1.891403100000000137e+01
1.667588300000000023e+00	-1.893664200000000264e+01
1.668596200000000085e+00	-1.891403100000000137e+01
1.669645299999999999e+00	-1.890272599999999770e+01
1.670692500000000136e+00	-1.889142199999999860e+01
1.671699000000000046e+00	-1.894794899999999771e+01
1.672731100000000026e+00	-1.899317000000000277e+01
1.673839700000000041e+00	-1.895925399999999783e+01
1.674968299999999966e+00	-1.900447600000000037e+01
1.676024100000000017e+00	-1.899317000000000277e+01
1.676979500000000067e+00	-1.900447600000000037e+01
1.677899499999999877e+00	-1.892533799999999999e+01
1.678871500000000072e+00	-1.891403100000000137e+01
1.679901199999999983e+00	-1.893664200000000264e+01
1.680914899999999879e+00	-1.892533799999999999e+01
1.681904899999999925e+00	-1.893664200000000264e+01
1.682941999999999938e+00	-1.891403100000000137e+01
1.683988299999999994e+00	-1.894794899999999771e+01
1.684937800000000152e+00	-1.897055999999999898e+01
1.685853200000000163e+00	-1.898186499999999910e+01
1.686882499999999840e+00	-1.894794899999999771e+01
1.688016699999999926e+00	-1.892533799999999999e+01
1.689136299999999924e+00	-1.894794899999999771e+01
1.690175100000000041e+00	-1.892533799999999999e+01
1.691126700000000094e+00	-1.890272599999999770e+01
1.692018100000000080e+00	-1.891403100000000137e+01
1.692949900000000119e+00	-1.898186499999999910e+01
1.694010499999999864e+00	-1.899317000000000277e+01
1.695140100000000150e+00	-1.897055999999999898e+01
1.696161800000000053e+00	-1.893664200000000264e+01
1.697012500000000035e+00	-1.895925399999999783e+01
1.697922900000000013e+00	-1.897055999999999898e+01
1.699058500000000027e+00	-1.893664200000000264e+01
1.700200399999999945e+00	-1.891403100000000137e+01
1.701213700000000051e+00	-1.893664200000000264e+01
1.702240500000000045e+00	-1.894794899999999771e+01
1.703267599999999993e+00	-1.898186499999999910e+01
1.704242299999999988e+00	-1.898186499999999910e+01
1.705305399999999860e+00	-1.899317000000000277e+01
1.706420099999999884e+00	-1.898186499999999910e+01
1.707346399999999820e+00	-1.899317000000000277e+01
1.708116100000000026e+00	-1.899317000000000277e+01
1.709006800000000048e+00	-1.894794899999999771e+01
1.710098600000000024e+00	-1.895925399999999783e+01
1.711245799999999928e+00	-1.895925399999999783e+01
1.712348600000000109e+00	-1.894794899999999771e+01
1.713377099999999986e+00	-1.892533799999999999e+01
1.714330300000000085e+00	-1.892533799999999999e+01
1.715271299999999943e+00	-1.892533799999999999e+01
1.716266999999999987e+00	-1.893664200000000264e+01
1.717361599999999822e+00	-1.893664200000000264e+01
1.718529599999999880e+00	-1.891403100000000137e+01
1.719635199999999919e+00	-1.888011499999999998e+01
1.720655100000000104e+00	-1.891403100000000137e+01
1.721710899999999933e+00	-1.894794899999999771e+01
1.722767399999999949e+00	-1.893664200000000264e+01
1.723732299999999995e+00	-1.890272599999999770e+01
1.724717400000000067e+00	-1.889142199999999860e+01
1.725786400000000054e+00	-1.893664200000000264e+01
1.726821200000000056e+00	-1.892533799999999999e+01
1.727786000000000044e+00	-1.892533799999999999e+01
1.728717300000000012e+00	-1.893664200000000264e+01
1.729632199999999953e+00	-1.890272599999999770e+01
1.730615099999999851e+00	-1.889142199999999860e+01
1.731685299999999872e+00	-1.892533799999999999e+01
1.732729599999999870e+00	-1.893664200000000264e+01
1.733725000000000183e+00	-1.893664200000000264e+01
1.734754099999999966e+00	-1.886881100000000089e+01
1.735828799999999950e+00	-1.883489499999999950e+01
1.736889099999999964e+00	-1.888011499999999998e+01
1.737906599999999857e+00	-1.889142199999999860e+01
1.738920900000000103e+00	-1.889142199999999860e+01
1.739969899999999958e+00	-1.888011499999999998e+01
1.741026900000000044e+00	-1.886881100000000089e+01
1.742089800000000022e+00	-1.889142199999999860e+01
1.743186499999999972e+00	-1.883489499999999950e+01
1.744250099999999915e+00	-1.886881100000000089e+01
1.745188699999999926e+00	-1.889142199999999860e+01
1.746040399999999826e+00	-1.884619899999999859e+01
1.746952599999999967e+00	-1.886881100000000089e+01
1.748024699999999987e+00	-1.881228300000000075e+01
1.749201100000000064e+00	-1.882358800000000087e+01
1.750337000000000032e+00	-1.880097699999999961e+01
1.751354499999999925e+00	-1.884619899999999859e+01
1.752312599999999998e+00	-1.885750399999999871e+01
1.753342500000000026e+00	-1.877836699999999936e+01
1.754465200000000058e+00	-1.882358800000000087e+01
1.755524399999999874e+00	-1.875575600000000165e+01
1.756479600000000030e+00	-1.878967199999999949e+01
1.757537099999999963e+00	-1.882358800000000087e+01
1.758737200000000112e+00	-1.881228300000000075e+01
1.759840100000000129e+00	-1.877836699999999936e+01
1.760785599999999951e+00	-1.878967199999999949e+01
1.761736900000000050e+00	-1.883489499999999950e+01
1.762722700000000087e+00	-1.886881100000000089e+01
1.763664600000000027e+00	-1.881228300000000075e+01
1.764586399999999999e+00	-1.882358800000000087e+01
1.765549100000000093e+00	-1.878967199999999949e+01
1.766547599999999996e+00	-1.875575600000000165e+01
1.767614900000000100e+00	-1.877836699999999936e+01
1.768797899999999812e+00	-1.877836699999999936e+01
1.769976299999999947e+00	-1.881228300000000075e+01
1.770981200000000033e+00	-1.880097699999999961e+01
1.771874799999999972e+00	-1.878967199999999949e+01
1.772867399999999982e+00	-1.875575600000000165e+01
1.773995299999999942e+00	-1.874445000000000050e+01
1.775139900000000104e+00	-1.874445000000000050e+01
1.776236399999999938e+00	-1.875575600000000165e+01
1.777223999999999915e+00	-1.878967199999999949e+01
1.778091899999999947e+00	-1.877836699999999936e+01
1.779020900000000127e+00	-1.875575600000000165e+01
1.780133299999999918e+00	-1.878967199999999949e+01
1.781277999999999917e+00	-1.876706100000000177e+01
1.782303100000000029e+00	-1.876706100000000177e+01
1.783308100000000174e+00	-1.875575600000000165e+01
1.784467299999999979e+00	-1.876706100000000177e+01
1.785713599999999790e+00	-1.876706100000000177e+01
1.786818400000000029e+00	-1.876706100000000177e+01
1.787803699999999996e+00	-1.874445000000000050e+01
1.788871600000000006e+00	-1.875575600000000165e+01
1.789998600000000106e+00	-1.876706100000000177e+01
1.791061000000000014e+00	-1.877836699999999936e+01
1.792039500000000007e+00	-1.875575600000000165e+01
1.792922600000000033e+00	-1.875575600000000165e+01
1.793784800000000068e+00	-1.882358800000000087e+01
1.794782099999999936e+00	-1.875575600000000165e+01
1.795924999999999994e+00	-1.877836699999999936e+01
1.797076899999999977e+00	-1.875575600000000165e+01
1.798164099999999932e+00	-1.880097699999999961e+01
1.799228099999999886e+00	-1.878967199999999949e+01
1.800272300000000048e+00	-1.876706100000000177e+01
1.801273099999999960e+00	-1.875575600000000165e+01
1.802245600000000003e+00	-1.875575600000000165e+01
1.803164499999999837e+00	-1.876706100000000177e+01
1.804087800000000019e+00	-1.874445000000000050e+01
1.805171300000000034e+00	-1.873314500000000038e+01
1.806340400000000068e+00	-1.876706100000000177e+01
1.807383799999999985e+00	-1.878967199999999949e+01
1.808344500000000021e+00	-1.875575600000000165e+01
1.809380599999999895e+00	-1.878967199999999949e+01
1.810501799999999939e+00	-1.878967199999999949e+01
1.811612300000000175e+00	-1.871053400000000266e+01
1.812606799999999962e+00	-1.874445000000000050e+01
1.813537599999999861e+00	-1.881228300000000075e+01
1.814573599999999898e+00	-1.880097699999999961e+01
1.815682900000000100e+00	-1.876706100000000177e+01
1.816694599999999937e+00	-1.873314500000000038e+01
1.817624099999999965e+00	-1.877836699999999936e+01
1.818625799999999959e+00	-1.874445000000000050e+01
1.819762100000000160e+00	-1.872184000000000026e+01
1.820975699999999975e+00	-1.873314500000000038e+01
1.822134099999999979e+00	-1.877836699999999936e+01
1.823101900000000164e+00	-1.875575600000000165e+01
1.823955599999999899e+00	-1.872184000000000026e+01
1.824937800000000054e+00	-1.873314500000000038e+01
1.826057800000000064e+00	-1.873314500000000038e+01
1.827103499999999991e+00	-1.874445000000000050e+01
1.828003599999999951e+00	-1.874445000000000050e+01
1.828828299999999851e+00	-1.877836699999999936e+01
1.829681800000000136e+00	-1.876706100000000177e+01
1.830701200000000028e+00	-1.877836699999999936e+01
1.831910099999999986e+00	-1.878967199999999949e+01
1.833158999999999983e+00	-1.878967199999999949e+01
1.834315800000000163e+00	-1.874445000000000050e+01
1.835344199999999981e+00	-1.877836699999999936e+01
1.836260899999999863e+00	-1.873314500000000038e+01
1.837176600000000048e+00	-1.874445000000000050e+01
1.838218200000000024e+00	-1.874445000000000050e+01
1.839375500000000052e+00	-1.871053400000000266e+01
1.840559399999999846e+00	-1.875575600000000165e+01
1.841717199999999943e+00	-1.873314500000000038e+01
1.842784399999999989e+00	-1.873314500000000038e+01
1.843722799999999884e+00	-1.873314500000000038e+01
1.844648399999999855e+00	-1.876706100000000177e+01
1.845680500000000057e+00	-1.873314500000000038e+01
1.846758699999999864e+00	-1.872184000000000026e+01
1.847805900000000001e+00	-1.875575600000000165e+01
1.848923399999999884e+00	-1.874445000000000050e+01
1.850209400000000004e+00	-1.873314500000000038e+01
1.851488400000000034e+00	-1.875575600000000165e+01
1.852511000000000019e+00	-1.874445000000000050e+01
1.853301300000000040e+00	-1.874445000000000050e+01
1.854097000000000106e+00	-1.877836699999999936e+01
1.855084600000000083e+00	-1.880097699999999961e+01
1.856245000000000145e+00	-1.876706100000000177e+01
1.857380100000000089e+00	-1.874445000000000050e+01
1.858373500000000123e+00	-1.876706100000000177e+01
1.859347800000000106e+00	-1.875575600000000165e+01
1.860385699999999920e+00	-1.871053400000000266e+01
1.861398799999999909e+00	-1.869922900000000254e+01
1.862397099999999917e+00	-1.869922900000000254e+01
1.863513900000000056e+00	-1.876706100000000177e+01
1.864751899999999907e+00	-1.871053400000000266e+01
1.865929100000000007e+00	-1.874445000000000050e+01
1.866892500000000066e+00	-1.873314500000000038e+01
1.867744000000000071e+00	-1.874445000000000050e+01
1.868713300000000022e+00	-1.871053400000000266e+01
1.869799899999999848e+00	-1.868792200000000037e+01
1.870831499999999981e+00	-1.871053400000000266e+01
1.871809400000000068e+00	-1.866531299999999760e+01
1.872861200000000004e+00	-1.868792200000000037e+01
1.874020800000000042e+00	-1.873314500000000038e+01
1.875218800000000074e+00	-1.874445000000000050e+01
1.876331999999999889e+00	-1.871053400000000266e+01
1.877317799999999925e+00	-1.873314500000000038e+01
1.878255699999999973e+00	-1.875575600000000165e+01
1.879224999999999923e+00	-1.869922900000000254e+01
1.880269699999999933e+00	-1.872184000000000026e+01
1.881404300000000029e+00	-1.872184000000000026e+01
1.882610599999999801e+00	-1.869922900000000254e+01
1.883803100000000175e+00	-1.872184000000000026e+01
1.884877399999999925e+00	-1.874445000000000050e+01
1.885866399999999832e+00	-1.872184000000000026e+01
1.886873299999999976e+00	-1.864270199999999988e+01
1.887918800000000008e+00	-1.868792200000000037e+01
1.888966800000000168e+00	-1.872184000000000026e+01
1.890009800000000073e+00	-1.873314500000000038e+01
1.891069600000000017e+00	-1.867661800000000127e+01
1.892139400000000027e+00	-1.872184000000000026e+01
1.893246900000000066e+00	-1.875575600000000165e+01
1.894465400000000077e+00	-1.869922900000000254e+01
1.895689899999999817e+00	-1.875575600000000165e+01
1.896672099999999972e+00	-1.871053400000000266e+01
1.897431000000000090e+00	-1.872184000000000026e+01
1.898335499999999954e+00	-1.869922900000000254e+01
1.899567200000000122e+00	-1.871053400000000266e+01
1.900815499999999991e+00	-1.871053400000000266e+01
1.901793799999999868e+00	-1.865400600000000253e+01
1.902630599999999950e+00	-1.872184000000000026e+01
1.903574900000000181e+00	-1.875575600000000165e+01
1.904723600000000072e+00	-1.872184000000000026e+01
1.905998000000000081e+00	-1.868792200000000037e+01
1.907161200000000001e+00	-1.866531299999999760e+01
1.908090100000000122e+00	-1.866531299999999760e+01
1.909035299999999991e+00	-1.865400600000000253e+01
1.910224900000000003e+00	-1.863139500000000126e+01
1.911479799999999729e+00	-1.863139500000000126e+01
1.912569099999999800e+00	-1.866531299999999760e+01
1.913524999999999920e+00	-1.869922900000000254e+01
1.914491600000000071e+00	-1.866531299999999760e+01
1.915544500000000205e+00	-1.867661800000000127e+01
1.916646400000000083e+00	-1.868792200000000037e+01
1.917704099999999912e+00	-1.867661800000000127e+01
1.918692999999999982e+00	-1.866531299999999760e+01
1.919691599999999942e+00	-1.866531299999999760e+01
1.920767299999999844e+00	-1.864270199999999988e+01
1.921861000000000264e+00	-1.865400600000000253e+01
1.922859800000000119e+00	-1.865400600000000253e+01
1.923818000000000250e+00	-1.867661800000000127e+01
1.924883000000000122e+00	-1.866531299999999760e+01
1.925988699999999998e+00	-1.873314500000000038e+01
1.927016899999999922e+00	-1.869922900000000254e+01
1.928078299999999912e+00	-1.874445000000000050e+01
1.929231499999999988e+00	-1.872184000000000026e+01
1.930299000000000209e+00	-1.867661800000000127e+01
1.931260800000000222e+00	-1.866531299999999760e+01
1.932290200000000180e+00	-1.865400600000000253e+01
1.933348599999999973e+00	-1.866531299999999760e+01
1.934331299999999976e+00	-1.863139500000000126e+01
1.935374499999999998e+00	-1.862009000000000114e+01
1.936566600000000138e+00	-1.863139500000000126e+01
1.937712299999999832e+00	-1.859747899999999987e+01
1.938678700000000088e+00	-1.859747899999999987e+01
1.939631599999999789e+00	-1.865400600000000253e+01
1.940743700000000072e+00	-1.859747899999999987e+01
1.941930799999999957e+00	-1.858617399999999975e+01
1.942999500000000213e+00	-1.858617399999999975e+01
1.943955800000000123e+00	-1.864270199999999988e+01
1.944953100000000212e+00	-1.859747899999999987e+01
1.945982600000000007e+00	-1.858617399999999975e+01
1.946981200000000189e+00	-1.857486799999999860e+01
1.948012399999999866e+00	-1.854095200000000077e+01
1.949105399999999877e+00	-1.859747899999999987e+01
1.950208100000000222e+00	-1.858617399999999975e+01
1.951240799999999886e+00	-1.858617399999999975e+01
1.952190400000000103e+00	-1.857486799999999860e+01
1.953241099999999841e+00	-1.856356299999999848e+01
1.954499099999999823e+00	-1.855225699999999733e+01
1.955762400000000012e+00	-1.856356299999999848e+01
1.956837699999999902e+00	-1.860878399999999999e+01
1.957784200000000085e+00	-1.854095200000000077e+01
1.958796199999999876e+00	-1.857486799999999860e+01
1.959980399999999845e+00	-1.863139500000000126e+01
1.961228200000000088e+00	-1.857486799999999860e+01
1.962321200000000099e+00	-1.860878399999999999e+01
1.963175500000000184e+00	-1.858617399999999975e+01
1.963936000000000126e+00	-1.858617399999999975e+01
1.964868299999999790e+00	-1.854095200000000077e+01
1.966118800000000055e+00	-1.856356299999999848e+01
1.967519399999999807e+00	-1.854095200000000077e+01
1.968765399999999888e+00	-1.855225699999999733e+01
1.969796099999999939e+00	-1.852964700000000065e+01
1.970774699999999990e+00	-1.851834099999999950e+01
1.971756300000000239e+00	-1.851834099999999950e+01
1.972746300000000064e+00	-1.852964700000000065e+01
1.973875400000000058e+00	-1.851834099999999950e+01
1.975111700000000026e+00	-1.855225699999999733e+01
1.976226899999999898e+00	-1.850703599999999938e+01
1.977204199999999856e+00	-1.849572899999999720e+01
1.978202099999999852e+00	-1.855225699999999733e+01
1.979247099999999815e+00	-1.855225699999999733e+01
1.980269199999999952e+00	-1.854095200000000077e+01
1.981235499999999705e+00	-1.851834099999999950e+01
1.982189999999999896e+00	-1.852964700000000065e+01
1.983227999999999769e+00	-1.856356299999999848e+01
1.984391500000000086e+00	-1.849572899999999720e+01
1.985611100000000073e+00	-1.854095200000000077e+01
1.986745000000000205e+00	-1.854095200000000077e+01
1.987768900000000061e+00	-1.858617399999999975e+01
1.988819800000000138e+00	-1.858617399999999975e+01
1.989879800000000198e+00	-1.858617399999999975e+01
1.990835899999999770e+00	-1.856356299999999848e+01
1.991845900000000169e+00	-1.852964700000000065e+01
1.993021900000000013e+00	-1.855225699999999733e+01
1.994150399999999879e+00	-1.854095200000000077e+01
1.995186899999999985e+00	-1.851834099999999950e+01
1.996321999999999930e+00	-1.851834099999999950e+01
1.997522800000000043e+00	-1.855225699999999733e+01
1.998656399999999778e+00	-1.843920199999999809e+01
1.999735099999999877e+00	-1.851834099999999950e+01
2.000768700000000067e+00	-1.854095200000000077e+01
2.001778499999999905e+00	-1.852964700000000065e+01
2.002828800000000076e+00	-1.852964700000000065e+01
2.003917200000000065e+00	-1.851834099999999950e+01
2.005038600000000226e+00	-1.851834099999999950e+01
2.006184799999999768e+00	-1.851834099999999950e+01
2.007305099999999953e+00	-1.852964700000000065e+01
2.008421199999999907e+00	-1.856356299999999848e+01
2.009554000000000062e+00	-1.852964700000000065e+01
2.010625799999999685e+00	-1.857486799999999860e+01
2.011594899999999964e+00	-1.855225699999999733e+01
2.012530299999999883e+00	-1.849572899999999720e+01
2.013551699999999833e+00	-1.847312000000000154e+01
2.014682900000000387e+00	-1.848442499999999811e+01
2.015781299999999998e+00	-1.850703599999999938e+01
2.016821300000000150e+00	-1.848442499999999811e+01
2.017982300000000340e+00	-1.848442499999999811e+01
2.019219000000000097e+00	-1.846181299999999936e+01
2.020286500000000096e+00	-1.848442499999999811e+01
2.021225099999999664e+00	-1.845050900000000027e+01
2.022197999999999940e+00	-1.843920199999999809e+01
2.023187800000000092e+00	-1.846181299999999936e+01
2.024219199999999663e+00	-1.842789700000000153e+01
2.025329000000000157e+00	-1.843920199999999809e+01
2.026444199999999807e+00	-1.848442499999999811e+01
2.027593200000000095e+00	-1.849572899999999720e+01
2.028794100000000267e+00	-1.850703599999999938e+01
2.029890299999999925e+00	-1.847312000000000154e+01
2.030796199999999718e+00	-1.846181299999999936e+01
2.031622699999999782e+00	-1.845050900000000027e+01
2.032541499999999779e+00	-1.846181299999999936e+01
2.033625600000000144e+00	-1.845050900000000027e+01
2.034800199999999837e+00	-1.850703599999999938e+01
2.036006200000000099e+00	-1.851834099999999950e+01
2.037243099999999973e+00	-1.848442499999999811e+01
2.038432300000000197e+00	-1.846181299999999936e+01
2.039493199999999895e+00	-1.843920199999999809e+01
2.040488700000000044e+00	-1.840528600000000026e+01
2.041543200000000002e+00	-1.840528600000000026e+01
2.042648900000000101e+00	-1.847312000000000154e+01
2.043654099999999918e+00	-1.842789700000000153e+01
2.044555499999999970e+00	-1.845050900000000027e+01
2.045596100000000028e+00	-1.846181299999999936e+01
2.046818700000000213e+00	-1.841659300000000243e+01
2.047958599999999851e+00	-1.840528600000000026e+01
2.049008600000000069e+00	-1.841659300000000243e+01
2.050184099999999621e+00	-1.846181299999999936e+01
2.051406200000000180e+00	-1.847312000000000154e+01
2.052527899999999850e+00	-1.846181299999999936e+01
2.053624000000000116e+00	-1.843920199999999809e+01
2.054680199999999957e+00	-1.846181299999999936e+01
2.055607200000000301e+00	-1.841659300000000243e+01
2.056565799999999999e+00	-1.846181299999999936e+01
2.057736799999999810e+00	-1.842789700000000153e+01
2.058950299999999789e+00	-1.842789700000000153e+01
2.059987800000000036e+00	-1.837136999999999887e+01
2.060955700000000057e+00	-1.847312000000000154e+01
2.061994100000000163e+00	-1.843920199999999809e+01
2.063035900000000034e+00	-1.843920199999999809e+01
2.064036800000000227e+00	-1.848442499999999811e+01
2.065081199999999839e+00	-1.843920199999999809e+01
2.066225099999999593e+00	-1.842789700000000153e+01
2.067392899999999756e+00	-1.849572899999999720e+01
2.068500199999999900e+00	-1.841659300000000243e+01
2.069563200000000158e+00	-1.841659300000000243e+01
2.070612899999999978e+00	-1.842789700000000153e+01
2.071686800000000162e+00	-1.843920199999999809e+01
2.072822099999999779e+00	-1.840528600000000026e+01
2.073927799999999877e+00	-1.842789700000000153e+01
2.074910800000000055e+00	-1.843920199999999809e+01
2.075880300000000123e+00	-1.842789700000000153e+01
2.076943499999999609e+00	-1.848442499999999811e+01
2.078035100000000135e+00	-1.846181299999999936e+01
2.079159499999999827e+00	-1.847312000000000154e+01
2.080397099999999888e+00	-1.845050900000000027e+01
2.081634199999999879e+00	-1.846181299999999936e+01
2.082727900000000076e+00	-1.849572899999999720e+01
2.083756500000000234e+00	-1.848442499999999811e+01
2.084877200000000208e+00	-1.845050900000000027e+01
2.086100300000000018e+00	-1.847312000000000154e+01
2.087253500000000095e+00	-1.846181299999999936e+01
2.088241399999999803e+00	-1.846181299999999936e+01
2.089175000000000004e+00	-1.847312000000000154e+01
2.090163899999999852e+00	-1.847312000000000154e+01
2.091244799999999682e+00	-1.843920199999999809e+01
2.092376200000000352e+00	-1.842789700000000153e+01
2.093466700000000014e+00	-1.845050900000000027e+01
2.094528799999999968e+00	-1.845050900000000027e+01
2.095593599999999945e+00	-1.843920199999999809e+01
2.096654500000000088e+00	-1.842789700000000153e+01
2.097810900000000256e+00	-1.841659300000000243e+01
2.099072400000000282e+00	-1.842789700000000153e+01
2.100234300000000331e+00	-1.842789700000000153e+01
2.101252699999999862e+00	-1.848442499999999811e+01
2.102297900000000386e+00	-1.848442499999999811e+01
2.103426600000000146e+00	-1.846181299999999936e+01
2.104568499999999620e+00	-1.847312000000000154e+01
2.105674600000000396e+00	-1.851834099999999950e+01
2.106756700000000038e+00	-1.843920199999999809e+01
2.107840599999999842e+00	-1.846181299999999936e+01
2.108942000000000316e+00	-1.846181299999999936e+01
2.110097300000000065e+00	-1.843920199999999809e+01
2.111254600000000092e+00	-1.846181299999999936e+01
2.112265700000000024e+00	-1.846181299999999936e+01
2.113169300000000028e+00	-1.842789700000000153e+01
2.114163000000000014e+00	-1.847312000000000154e+01
2.115300500000000028e+00	-1.847312000000000154e+01
2.116500999999999966e+00	-1.845050900000000027e+01
2.117679100000000147e+00	-1.845050900000000027e+01
2.118788399999999683e+00	-1.843920199999999809e+01
2.119838399999999901e+00	-1.848442499999999811e+01
2.120846600000000137e+00	-1.846181299999999936e+01
2.121881199999999801e+00	-1.843920199999999809e+01
2.123010100000000122e+00	-1.841659300000000243e+01
2.124143699999999857e+00	-1.842789700000000153e+01
2.125181700000000173e+00	-1.842789700000000153e+01
2.126196900000000056e+00	-1.845050900000000027e+01
2.127263500000000196e+00	-1.847312000000000154e+01
2.128397500000000164e+00	-1.848442499999999811e+01
2.129648700000000172e+00	-1.846181299999999936e+01
2.130901099999999992e+00	-1.845050900000000027e+01
2.131946300000000072e+00	-1.847312000000000154e+01
2.132861500000000188e+00	-1.846181299999999936e+01
2.133840100000000017e+00	-1.846181299999999936e+01
2.134908099999999642e+00	-1.847312000000000154e+01
2.136005200000000048e+00	-1.843920199999999809e+01
2.137067899999999909e+00	-1.846181299999999936e+01
2.138105599999999828e+00	-1.845050900000000027e+01
2.139214100000000229e+00	-1.843920199999999809e+01
2.140390500000000085e+00	-1.842789700000000153e+01
2.141529600000000144e+00	-1.840528600000000026e+01
2.142620599999999875e+00	-1.840528600000000026e+01
2.143742899999999896e+00	-1.845050900000000027e+01
2.144911600000000362e+00	-1.846181299999999936e+01
2.146044199999999957e+00	-1.847312000000000154e+01
2.147101000000000148e+00	-1.845050900000000027e+01
2.148182400000000047e+00	-1.845050900000000027e+01
2.149359700000000206e+00	-1.843920199999999809e+01
2.150545499999999777e+00	-1.843920199999999809e+01
2.151581399999999977e+00	-1.840528600000000026e+01
2.152458600000000111e+00	-1.840528600000000026e+01
2.153452900000000003e+00	-1.841659300000000243e+01
2.154732099999999928e+00	-1.840528600000000026e+01
2.156027900000000219e+00	-1.840528600000000026e+01
2.157083599999999990e+00	-1.843920199999999809e+01
2.158058399999999821e+00	-1.842789700000000153e+01
2.159190199999999837e+00	-1.839398100000000014e+01
2.160347999999999935e+00	-1.845050900000000027e+01
2.161303699999999939e+00	-1.845050900000000027e+01
2.162220400000000264e+00	-1.850703599999999938e+01
2.163326400000000316e+00	-1.845050900000000027e+01
2.164469199999999649e+00	-1.849572899999999720e+01
2.165550800000000109e+00	-1.850703599999999938e+01
2.166743299999999817e+00	-1.846181299999999936e+01
2.167955500000000146e+00	-1.849572899999999720e+01
2.168941100000000066e+00	-1.846181299999999936e+01
2.169847400000000093e+00	-1.845050900000000027e+01
2.170932500000000154e+00	-1.848442499999999811e+01
2.172145299999999946e+00	-1.848442499999999811e+01
2.173336299999999888e+00	-1.848442499999999811e+01
2.174493600000000360e+00	-1.846181299999999936e+01
2.175658199999999987e+00	-1.843920199999999809e+01
2.176822100000000315e+00	-1.845050900000000027e+01
2.177929400000000015e+00	-1.849572899999999720e+01
2.178964199999999796e+00	-1.847312000000000154e+01
2.180025600000000008e+00	-1.848442499999999811e+01
2.181182699999999919e+00	-1.848442499999999811e+01
2.182327300000000303e+00	-1.847312000000000154e+01
2.183352999999999877e+00	-1.848442499999999811e+01
2.184376600000000224e+00	-1.847312000000000154e+01
2.185528699999999880e+00	-1.845050900000000027e+01
2.186695400000000067e+00	-1.845050900000000027e+01
2.187765600000000088e+00	-1.847312000000000154e+01
2.188807499999999795e+00	-1.843920199999999809e+01
2.189868399999999937e+00	-1.843920199999999809e+01
2.190924499999999941e+00	-1.847312000000000154e+01
2.191972699999999996e+00	-1.845050900000000027e+01
2.193041800000000041e+00	-1.846181299999999936e+01
2.194169200000000153e+00	-1.843920199999999809e+01
2.195357000000000003e+00	-1.845050900000000027e+01
2.196576799999999885e+00	-1.847312000000000154e+01
2.197796700000000047e+00	-1.845050900000000027e+01
2.198963600000000351e+00	-1.848442499999999811e+01
2.200024899999999839e+00	-1.846181299999999936e+01
2.201010399999999922e+00	-1.841659300000000243e+01
2.202017899999999972e+00	-1.843920199999999809e+01
2.203119500000000119e+00	-1.847312000000000154e+01
2.204276099999999960e+00	-1.848442499999999811e+01
2.205407999999999813e+00	-1.850703599999999938e+01
2.206558499999999867e+00	-1.848442499999999811e+01
2.207748999999999739e+00	-1.842789700000000153e+01
2.208867699999999878e+00	-1.839398100000000014e+01
2.209933399999999715e+00	-1.846181299999999936e+01
2.211097999999999786e+00	-1.847312000000000154e+01
2.212322400000000133e+00	-1.842789700000000153e+01
2.213422899999999860e+00	-1.843920199999999809e+01
2.214393099999999670e+00	-1.841659300000000243e+01
2.215382899999999822e+00	-1.839398100000000014e+01
2.216491800000000012e+00	-1.839398100000000014e+01
2.217706900000000036e+00	-1.839398100000000014e+01
2.218907400000000418e+00	-1.841659300000000243e+01
2.220004899999999726e+00	-1.845050900000000027e+01
2.221084700000000023e+00	-1.845050900000000027e+01
2.222204300000000021e+00	-1.848442499999999811e+01
2.223297500000000149e+00	-1.841659300000000243e+01
2.224395499999999970e+00	-1.842789700000000153e+01
2.225551299999999788e+00	-1.842789700000000153e+01
2.226659499999999792e+00	-1.842789700000000153e+01
2.227650599999999592e+00	-1.843920199999999809e+01
2.228634200000000121e+00	-1.842789700000000153e+01
2.229745599999999772e+00	-1.842789700000000153e+01
2.230950500000000059e+00	-1.847312000000000154e+01
2.232082399999999911e+00	-1.845050900000000027e+01
2.233098500000000097e+00	-1.846181299999999936e+01
2.234138699999999922e+00	-1.847312000000000154e+01
2.235258100000000248e+00	-1.845050900000000027e+01
2.236349500000000212e+00	-1.849572899999999720e+01
2.237403599999999937e+00	-1.845050900000000027e+01
2.238498400000000110e+00	-1.847312000000000154e+01
2.239596600000000048e+00	-1.846181299999999936e+01
2.240699400000000008e+00	-1.845050900000000027e+01
2.241842800000000135e+00	-1.849572899999999720e+01
2.242922599999999989e+00	-1.851834099999999950e+01
2.243958499999999745e+00	-1.847312000000000154e+01
2.245103400000000082e+00	-1.847312000000000154e+01
2.246277699999999822e+00	-1.846181299999999936e+01
2.247342300000000126e+00	-1.846181299999999936e+01
2.248379999999999601e+00	-1.846181299999999936e+01
2.249540600000000001e+00	-1.848442499999999811e+01
2.250803600000000237e+00	-1.850703599999999938e+01
2.251980500000000163e+00	-1.847312000000000154e+01
2.252985999999999933e+00	-1.846181299999999936e+01
2.253964299999999810e+00	-1.847312000000000154e+01
2.255046199999999779e+00	-1.851834099999999950e+01
2.256175299999999773e+00	-1.854095200000000077e+01
2.257261500000000254e+00	-1.850703599999999938e+01
2.258373599999999648e+00	-1.846181299999999936e+01
2.259613199999999988e+00	-1.845050900000000027e+01
2.260911500000000185e+00	-1.848442499999999811e+01
2.262068200000000306e+00	-1.846181299999999936e+01
2.262978799999999957e+00	-1.847312000000000154e+01
2.263865299999999969e+00	-1.843920199999999809e+01
2.265031499999999642e+00	-1.846181299999999936e+01
2.266357600000000083e+00	-1.847312000000000154e+01
2.267489699999999608e+00	-1.846181299999999936e+01
2.268417099999999742e+00	-1.847312000000000154e+01
2.269415099999999796e+00	-1.851834099999999950e+01
2.270601999999999787e+00	-1.851834099999999950e+01
2.271858400000000167e+00	-1.850703599999999938e+01
2.273046700000000087e+00	-1.847312000000000154e+01
2.274173299999999731e+00	-1.850703599999999938e+01
2.275306300000000004e+00	-1.852964700000000065e+01
2.276404799999999895e+00	-1.846181299999999936e+01
2.277410399999999946e+00	-1.842789700000000153e+01
2.278377899999999734e+00	-1.850703599999999938e+01
2.279387899999999689e+00	-1.847312000000000154e+01
2.280476999999999865e+00	-1.847312000000000154e+01
2.281643400000000099e+00	-1.847312000000000154e+01
2.282848999999999684e+00	-1.846181299999999936e+01
2.284066099999999988e+00	-1.851834099999999950e+01
2.285284599999999777e+00	-1.845050900000000027e+01
2.286439899999999970e+00	-1.843920199999999809e+01
2.287493100000000279e+00	-1.850703599999999938e+01
2.288518499999999900e+00	-1.851834099999999950e+01
2.289585200000000320e+00	-1.845050900000000027e+01
2.290714300000000314e+00	-1.847312000000000154e+01
2.291871200000000108e+00	-1.851834099999999950e+01
2.292960299999999840e+00	-1.849572899999999720e+01
2.293988000000000138e+00	-1.849572899999999720e+01
2.295060100000000158e+00	-1.834875900000000115e+01
2.296197199999999938e+00	-1.842789700000000153e+01
2.297352499999999687e+00	-1.843920199999999809e+01
2.298506600000000066e+00	-1.842789700000000153e+01
2.299660099999999652e+00	-1.843920199999999809e+01
2.300839900000000160e+00	-1.847312000000000154e+01
2.302053200000000022e+00	-1.845050900000000027e+01
2.303242399999999801e+00	-1.840528600000000026e+01
2.304368799999999773e+00	-1.845050900000000027e+01
2.305498099999999884e+00	-1.845050900000000027e+01
2.306720299999999835e+00	-1.843920199999999809e+01
2.307961000000000151e+00	-1.840528600000000026e+01
2.309050800000000070e+00	-1.837136999999999887e+01
2.309995100000000079e+00	-1.840528600000000026e+01
2.310960099999999962e+00	-1.839398100000000014e+01
2.312037400000000353e+00	-1.838267499999999899e+01
2.313185400000000058e+00	-1.841659300000000243e+01
2.314366800000000168e+00	-1.845050900000000027e+01
2.315580800000000217e+00	-1.841659300000000243e+01
2.316761500000000140e+00	-1.842789700000000153e+01
2.317871100000000073e+00	-1.841659300000000243e+01
2.319002499999999856e+00	-1.841659300000000243e+01
2.320209399999999977e+00	-1.843920199999999809e+01
2.321395899999999735e+00	-1.842789700000000153e+01
2.322442899999999977e+00	-1.845050900000000027e+01
2.323374499999999898e+00	-1.841659300000000243e+01
2.324369700000000094e+00	-1.839398100000000014e+01
2.325565000000000104e+00	-1.842789700000000153e+01
2.326882600000000245e+00	-1.840528600000000026e+01
2.328133600000000136e+00	-1.838267499999999899e+01
2.329255700000000040e+00	-1.837136999999999887e+01
2.330340700000000265e+00	-1.841659300000000243e+01
2.331456900000000054e+00	-1.843920199999999809e+01
2.332597399999999599e+00	-1.843920199999999809e+01
2.333729799999999965e+00	-1.846181299999999936e+01
2.334818900000000141e+00	-1.840528600000000026e+01
2.335862499999999731e+00	-1.841659300000000243e+01
2.336867100000000086e+00	-1.840528600000000026e+01
2.337854499999999724e+00	-1.842789700000000153e+01
2.338878400000000024e+00	-1.840528600000000026e+01
2.339914100000000108e+00	-1.846181299999999936e+01
2.340947700000000076e+00	-1.847312000000000154e+01
2.342114400000000263e+00	-1.845050900000000027e+01
2.343430699999999867e+00	-1.842789700000000153e+01
2.344697799999999610e+00	-1.841659300000000243e+01
2.345821899999999793e+00	-1.838267499999999899e+01
2.346843800000000257e+00	-1.846181299999999936e+01
2.347826700000000155e+00	-1.845050900000000027e+01
2.348894400000000271e+00	-1.839398100000000014e+01
2.350087500000000329e+00	-1.843920199999999809e+01
2.351290299999999611e+00	-1.846181299999999936e+01
2.352452200000000104e+00	-1.846181299999999936e+01
2.353620600000000174e+00	-1.843920199999999809e+01
2.354776100000000039e+00	-1.842789700000000153e+01
2.355899099999999802e+00	-1.842789700000000153e+01
2.357082600000000028e+00	-1.842789700000000153e+01
2.358372999999999831e+00	-1.842789700000000153e+01
2.359672900000000073e+00	-1.838267499999999899e+01
2.360865699999999734e+00	-1.836006500000000230e+01
2.361912900000000093e+00	-1.837136999999999887e+01
2.362939499999999970e+00	-1.845050900000000027e+01
2.364101000000000230e+00	-1.841659300000000243e+01
2.365268299999999879e+00	-1.846181299999999936e+01
2.366223300000000140e+00	-1.846181299999999936e+01
2.367088700000000046e+00	-1.841659300000000243e+01
2.368138899999999936e+00	-1.843920199999999809e+01
2.369389700000000154e+00	-1.841659300000000243e+01
2.370655900000000038e+00	-1.845050900000000027e+01
2.371804599999999930e+00	-1.839398100000000014e+01
2.372832100000000111e+00	-1.841659300000000243e+01
2.373820700000000006e+00	-1.841659300000000243e+01
2.374859800000000298e+00	-1.841659300000000243e+01
2.375963699999999790e+00	-1.840528600000000026e+01
2.377096099999999712e+00	-1.838267499999999899e+01
2.378273199999999754e+00	-1.837136999999999887e+01
2.379510999999999932e+00	-1.840528600000000026e+01
2.380681300000000000e+00	-1.840528600000000026e+01
2.381705100000000019e+00	-1.840528600000000026e+01
2.382749699999999748e+00	-1.847312000000000154e+01
2.383939800000000275e+00	-1.843920199999999809e+01
2.385172600000000198e+00	-1.842789700000000153e+01
2.386329899999999782e+00	-1.840528600000000026e+01
2.387434999999999974e+00	-1.840528600000000026e+01
2.388594799999999907e+00	-1.836006500000000230e+01
2.389835799999999733e+00	-1.839398100000000014e+01
2.391042899999999971e+00	-1.839398100000000014e+01
2.392114300000000249e+00	-1.838267499999999899e+01
2.393152700000000355e+00	-1.842789700000000153e+01
2.394308500000000173e+00	-1.841659300000000243e+01
2.395480099999999890e+00	-1.840528600000000026e+01
2.396530400000000061e+00	-1.842789700000000153e+01
2.397555400000000336e+00	-1.850703599999999938e+01
2.398622899999999891e+00	-1.843920199999999809e+01
2.399669499999999900e+00	-1.836006500000000230e+01
2.400722199999999695e+00	-1.837136999999999887e+01
2.401878899999999817e+00	-1.841659300000000243e+01
2.403139899999999773e+00	-1.842789700000000153e+01
2.404380699999999926e+00	-1.838267499999999899e+01
2.405534800000000306e+00	-1.837136999999999887e+01
2.406682100000000268e+00	-1.838267499999999899e+01
2.407847400000000082e+00	-1.836006500000000230e+01
2.408961099999999966e+00	-1.839398100000000014e+01
2.410032699999999917e+00	-1.838267499999999899e+01
2.411164100000000143e+00	-1.839398100000000014e+01
2.412369899999999845e+00	-1.837136999999999887e+01
2.413517700000000321e+00	-1.838267499999999899e+01
2.414569300000000140e+00	-1.837136999999999887e+01
2.415667299999999962e+00	-1.837136999999999887e+01
2.416880499999999987e+00	-1.837136999999999887e+01
2.418113099999999793e+00	-1.832614799999999988e+01
2.419279799999999980e+00	-1.831484299999999976e+01
2.420393199999999911e+00	-1.833745400000000103e+01
2.421494599999999942e+00	-1.837136999999999887e+01
2.422615600000000313e+00	-1.838267499999999899e+01
2.423753599999999953e+00	-1.837136999999999887e+01
2.424853199999999820e+00	-1.838267499999999899e+01
2.425895400000000368e+00	-1.838267499999999899e+01
2.426963399999999993e+00	-1.840528600000000026e+01
2.428148499999999821e+00	-1.838267499999999899e+01
2.429393099999999972e+00	-1.839398100000000014e+01
2.430544999999999956e+00	-1.839398100000000014e+01
2.431587099999999779e+00	-1.837136999999999887e+01
2.432660000000000267e+00	-1.833745400000000103e+01
2.433873100000000012e+00	-1.838267499999999899e+01
2.435156399999999888e+00	-1.840528600000000026e+01
2.436351499999999781e+00	-1.837136999999999887e+01
2.437412399999999923e+00	-1.832614799999999988e+01
2.438412099999999860e+00	-1.830353600000000114e+01
2.439466700000000099e+00	-1.837136999999999887e+01
2.440640900000000002e+00	-1.834875900000000115e+01
2.441846799999999984e+00	-1.834875900000000115e+01
2.442940999999999807e+00	-1.841659300000000243e+01
2.443941900000000000e+00	-1.837136999999999887e+01
2.445005499999999721e+00	-1.838267499999999899e+01
2.446169199999999933e+00	-1.839398100000000014e+01
2.447329299999999819e+00	-1.839398100000000014e+01
2.448451100000000213e+00	-1.840528600000000026e+01
2.449572099999999697e+00	-1.840528600000000026e+01
2.450705299999999642e+00	-1.833745400000000103e+01
2.451866700000000066e+00	-1.834875900000000115e+01
2.453033400000000253e+00	-1.836006500000000230e+01
2.454147800000000323e+00	-1.833745400000000103e+01
2.455252799999999791e+00	-1.831484299999999976e+01
2.456412900000000121e+00	-1.836006500000000230e+01
2.457625399999999960e+00	-1.833745400000000103e+01
2.458867999999999832e+00	-1.836006500000000230e+01
2.460077000000000069e+00	-1.836006500000000230e+01
2.461222900000000102e+00	-1.836006500000000230e+01
2.462344600000000217e+00	-1.834875900000000115e+01
2.463425700000000163e+00	-1.834875900000000115e+01
2.464483700000000166e+00	-1.833745400000000103e+01
2.465628300000000106e+00	-1.837136999999999887e+01
2.466854300000000055e+00	-1.841659300000000243e+01
2.468037099999999651e+00	-1.837136999999999887e+01
2.469144200000000122e+00	-1.839398100000000014e+01
2.470232600000000112e+00	-1.842789700000000153e+01
2.471339899999999812e+00	-1.841659300000000243e+01
2.472461999999999716e+00	-1.837136999999999887e+01
2.473562299999999770e+00	-1.839398100000000014e+01
2.474630899999999745e+00	-1.839398100000000014e+01
2.475723699999999639e+00	-1.836006500000000230e+01
2.476863299999999768e+00	-1.836006500000000230e+01
2.478014700000000126e+00	-1.834875900000000115e+01
2.479187500000000099e+00	-1.839398100000000014e+01
2.480425299999999833e+00	-1.836006500000000230e+01
2.481686799999999860e+00	-1.838267499999999899e+01
2.482828700000000222e+00	-1.840528600000000026e+01
2.483868500000000257e+00	-1.838267499999999899e+01
2.485039199999999671e+00	-1.839398100000000014e+01
2.486329299999999964e+00	-1.838267499999999899e+01
2.487456400000000123e+00	-1.837136999999999887e+01
2.488408199999999848e+00	-1.842789700000000153e+01
2.489430000000000032e+00	-1.845050900000000027e+01
2.490592399999999706e+00	-1.843920199999999809e+01
2.491794200000000181e+00	-1.848442499999999811e+01
2.493029100000000220e+00	-1.840528600000000026e+01
2.494318799999999836e+00	-1.842789700000000153e+01
2.495537000000000116e+00	-1.838267499999999899e+01
2.496608000000000160e+00	-1.840528600000000026e+01
2.497647100000000009e+00	-1.836006500000000230e+01
2.498740100000000020e+00	-1.839398100000000014e+01
2.499837600000000215e+00	-1.840528600000000026e+01
2.500918500000000044e+00	-1.839398100000000014e+01
2.502055400000000152e+00	-1.839398100000000014e+01
2.503227100000000149e+00	-1.839398100000000014e+01
2.504332499999999850e+00	-1.843920199999999809e+01
2.505450499999999803e+00	-1.840528600000000026e+01
2.506694299999999931e+00	-1.841659300000000243e+01
2.507950499999999749e+00	-1.847312000000000154e+01
2.509092600000000228e+00	-1.842789700000000153e+01
2.510183500000000123e+00	-1.838267499999999899e+01
2.511339299999999941e+00	-1.836006500000000230e+01
2.512550700000000248e+00	-1.840528600000000026e+01
2.513703500000000091e+00	-1.840528600000000026e+01
2.514772400000000019e+00	-1.842789700000000153e+01
2.515885600000000277e+00	-1.836006500000000230e+01
2.517085199999999912e+00	-1.843920199999999809e+01
2.518254000000000214e+00	-1.841659300000000243e+01
2.519392599999999760e+00	-1.839398100000000014e+01
2.520640900000000073e+00	-1.843920199999999809e+01
2.521974200000000277e+00	-1.841659300000000243e+01
2.523182300000000211e+00	-1.846181299999999936e+01
2.524162899999999876e+00	-1.845050900000000027e+01
2.525076099999999713e+00	-1.845050900000000027e+01
2.526130599999999671e+00	-1.846181299999999936e+01
2.527379800000000287e+00	-1.843920199999999809e+01
2.528729100000000063e+00	-1.841659300000000243e+01
2.529958500000000221e+00	-1.842789700000000153e+01
2.530954599999999832e+00	-1.842789700000000153e+01
2.531934099999999965e+00	-1.843920199999999809e+01
2.533108299999999868e+00	-1.842789700000000153e+01
2.534352700000000347e+00	-1.843920199999999809e+01
2.535494799999999938e+00	-1.851834099999999950e+01
2.536578900000000303e+00	-1.848442499999999811e+01
2.537684800000000074e+00	-1.849572899999999720e+01
2.538797399999999982e+00	-1.850703599999999938e+01
2.539901299999999917e+00	-1.848442499999999811e+01
2.541008600000000062e+00	-1.846181299999999936e+01
2.542125200000000085e+00	-1.847312000000000154e+01
2.543267999999999862e+00	-1.850703599999999938e+01
2.544466499999999964e+00	-1.848442499999999811e+01
2.545688900000000032e+00	-1.848442499999999811e+01
2.546837099999999854e+00	-1.845050900000000027e+01
2.547928499999999818e+00	-1.847312000000000154e+01
2.549081699999999895e+00	-1.847312000000000154e+01
2.550269099999999955e+00	-1.845050900000000027e+01
2.551389599999999813e+00	-1.846181299999999936e+01
2.552502599999999955e+00	-1.845050900000000027e+01
2.553716100000000377e+00	-1.849572899999999720e+01
2.554937100000000072e+00	-1.847312000000000154e+01
2.555968899999999877e+00	-1.843920199999999809e+01
2.556903399999999937e+00	-1.846181299999999936e+01
2.558011599999999941e+00	-1.849572899999999720e+01
2.559256699999999718e+00	-1.850703599999999938e+01
2.560402199999999961e+00	-1.850703599999999938e+01
2.561405399999999943e+00	-1.846181299999999936e+01
2.562445400000000095e+00	-1.848442499999999811e+01
2.563681599999999783e+00	-1.847312000000000154e+01
2.564994200000000113e+00	-1.848442499999999811e+01
2.566166999999999643e+00	-1.845050900000000027e+01
2.567266399999999837e+00	-1.839398100000000014e+01
2.568504400000000132e+00	-1.845050900000000027e+01
2.569877299999999920e+00	-1.840528600000000026e+01
2.571149700000000315e+00	-1.843920199999999809e+01
2.572202000000000321e+00	-1.849572899999999720e+01
2.573231999999999964e+00	-1.848442499999999811e+01
2.574386099999999900e+00	-1.849572899999999720e+01
2.575542599999999904e+00	-1.849572899999999720e+01
2.576674899999999990e+00	-1.846181299999999936e+01
2.577878099999999950e+00	-1.845050900000000027e+01
2.579081899999999816e+00	-1.838267499999999899e+01
2.580235100000000337e+00	-1.847312000000000154e+01
2.581431100000000090e+00	-1.842789700000000153e+01
2.582643000000000022e+00	-1.848442499999999811e+01
2.583805299999999860e+00	-1.852964700000000065e+01
2.584992199999999851e+00	-1.850703599999999938e+01
2.586171800000000243e+00	-1.850703599999999938e+01
2.587208200000000069e+00	-1.847312000000000154e+01
2.588178200000000206e+00	-1.843920199999999809e+01
2.589262300000000128e+00	-1.843920199999999809e+01
2.590454199999999929e+00	-1.849572899999999720e+01
2.591607900000000075e+00	-1.849572899999999720e+01
2.592673099999999842e+00	-1.843920199999999809e+01
2.593748799999999743e+00	-1.842789700000000153e+01
2.594870699999999974e+00	-1.847312000000000154e+01
2.596007599999999638e+00	-1.845050900000000027e+01
2.597232699999999728e+00	-1.843920199999999809e+01
2.598583300000000040e+00	-1.848442499999999811e+01
2.599927699999999842e+00	-1.843920199999999809e+01
2.601127099999999803e+00	-1.846181299999999936e+01
2.602148000000000128e+00	-1.847312000000000154e+01
2.603107099999999896e+00	-1.847312000000000154e+01
2.604209200000000113e+00	-1.840528600000000026e+01
2.605460200000000004e+00	-1.843920199999999809e+01
2.606660000000000199e+00	-1.846181299999999936e+01
2.607749600000000001e+00	-1.845050900000000027e+01
2.608832800000000063e+00	-1.845050900000000027e+01
2.609958800000000245e+00	-1.846181299999999936e+01
2.611114699999999900e+00	-1.847312000000000154e+01
2.612309799999999793e+00	-1.847312000000000154e+01
2.613541700000000301e+00	-1.851834099999999950e+01
2.614762900000000112e+00	-1.848442499999999811e+01
2.615953700000000381e+00	-1.846181299999999936e+01
2.617116699999999963e+00	-1.850703599999999938e+01
2.618222899999999687e+00	-1.847312000000000154e+01
2.619322200000000045e+00	-1.848442499999999811e+01
2.620537999999999812e+00	-1.846181299999999936e+01
2.621799499999999838e+00	-1.848442499999999811e+01
2.622902700000000031e+00	-1.851834099999999950e+01
2.623927899999999980e+00	-1.840528600000000026e+01
2.625098700000000118e+00	-1.842789700000000153e+01
2.626363299999999956e+00	-1.846181299999999936e+01
2.627554299999999898e+00	-1.840528600000000026e+01
2.628624499999999919e+00	-1.838267499999999899e+01
2.629667100000000257e+00	-1.838267499999999899e+01
2.630839400000000161e+00	-1.842789700000000153e+01
2.632105600000000045e+00	-1.843920199999999809e+01
2.633330299999999902e+00	-1.838267499999999899e+01
2.634476000000000262e+00	-1.843920199999999809e+01
2.635507400000000278e+00	-1.845050900000000027e+01
2.636504200000000075e+00	-1.836006500000000230e+01
2.637648800000000016e+00	-1.836006500000000230e+01
2.638899100000000164e+00	-1.841659300000000243e+01
2.640078499999999995e+00	-1.847312000000000154e+01
2.641201699999999875e+00	-1.842789700000000153e+01
2.642348999999999837e+00	-1.845050900000000027e+01
2.643448199999999915e+00	-1.843920199999999809e+01
2.644482299999999952e+00	-1.845050900000000027e+01
2.645608199999999854e+00	-1.842789700000000153e+01
2.646910600000000002e+00	-1.837136999999999887e+01
2.648236699999999999e+00	-1.839398100000000014e+01
2.649431699999999612e+00	-1.837136999999999887e+01
2.650590400000000013e+00	-1.836006500000000230e+01
2.651773200000000053e+00	-1.839398100000000014e+01
2.652850099999999767e+00	-1.836006500000000230e+01
2.653815000000000257e+00	-1.838267499999999899e+01
2.654797799999999874e+00	-1.839398100000000014e+01
2.655903700000000089e+00	-1.837136999999999887e+01
2.657173400000000019e+00	-1.838267499999999899e+01
2.658488900000000044e+00	-1.837136999999999887e+01
2.659655099999999717e+00	-1.838267499999999899e+01
2.660672900000000229e+00	-1.840528600000000026e+01
2.661756499999999637e+00	-1.837136999999999887e+01
2.662982799999999983e+00	-1.839398100000000014e+01
2.664163499999999907e+00	-1.840528600000000026e+01
2.665238800000000019e+00	-1.838267499999999899e+01
2.666415199999999874e+00	-1.838267499999999899e+01
2.667748500000000078e+00	-1.836006500000000230e+01
2.669066400000000172e+00	-1.841659300000000243e+01
2.670269600000000132e+00	-1.845050900000000027e+01
2.671352399999999960e+00	-1.841659300000000243e+01
2.672367100000000217e+00	-1.840528600000000026e+01
2.673419899999999849e+00	-1.840528600000000026e+01
2.674575200000000041e+00	-1.843920199999999809e+01
2.675844399999999901e+00	-1.842789700000000153e+01
2.677133599999999891e+00	-1.840528600000000026e+01
2.678285000000000249e+00	-1.843920199999999809e+01
2.679307300000000058e+00	-1.843920199999999809e+01
2.680382700000000007e+00	-1.848442499999999811e+01
2.681578499999999643e+00	-1.848442499999999811e+01
2.682775599999999816e+00	-1.846181299999999936e+01
2.683923899999999918e+00	-1.847312000000000154e+01
2.685088200000000036e+00	-1.841659300000000243e+01
2.686258800000000058e+00	-1.847312000000000154e+01
2.687405200000000161e+00	-1.845050900000000027e+01
2.688604600000000122e+00	-1.848442499999999811e+01
2.689907400000000059e+00	-1.842789700000000153e+01
2.691171600000000108e+00	-1.842789700000000153e+01
2.692240500000000036e+00	-1.839398100000000014e+01
2.693241899999999855e+00	-1.846181299999999936e+01
2.694380300000000172e+00	-1.841659300000000243e+01
2.695606800000000192e+00	-1.842789700000000153e+01
2.696824999999999584e+00	-1.847312000000000154e+01
2.698065600000000064e+00	-1.846181299999999936e+01
2.699294800000000105e+00	-1.843920199999999809e+01
2.700408499999999989e+00	-1.846181299999999936e+01
2.701454400000000255e+00	-1.848442499999999811e+01
2.702588699999999733e+00	-1.847312000000000154e+01
2.703808399999999779e+00	-1.847312000000000154e+01
2.705028200000000105e+00	-1.847312000000000154e+01
2.706220599999999976e+00	-1.843920199999999809e+01
2.707313800000000104e+00	-1.843920199999999809e+01
2.708335599999999843e+00	-1.843920199999999809e+01
2.709484999999999921e+00	-1.848442499999999811e+01
2.710769600000000334e+00	-1.843920199999999809e+01
2.712003600000000070e+00	-1.841659300000000243e+01
2.713164600000000259e+00	-1.840528600000000026e+01
2.714319200000000265e+00	-1.845050900000000027e+01
2.715496999999999606e+00	-1.847312000000000154e+01
2.716747999999999941e+00	-1.845050900000000027e+01
2.718013500000000082e+00	-1.843920199999999809e+01
2.719196800000000191e+00	-1.843920199999999809e+01
2.720337799999999806e+00	-1.846181299999999936e+01
2.721489000000000047e+00	-1.843920199999999809e+01
2.722612900000000113e+00	-1.847312000000000154e+01
2.723653800000000125e+00	-1.846181299999999936e+01
2.724668799999999891e+00	-1.843920199999999809e+01
2.725778399999999824e+00	-1.847312000000000154e+01
2.726939600000000130e+00	-1.846181299999999936e+01
2.728029400000000049e+00	-1.849572899999999720e+01
2.729106699999999996e+00	-1.848442499999999811e+01
2.730283099999999852e+00	-1.845050900000000027e+01
2.731486100000000139e+00	-1.845050900000000027e+01
2.732650999999999719e+00	-1.847312000000000154e+01
2.733867899999999906e+00	-1.843920199999999809e+01
2.735121100000000194e+00	-1.843920199999999809e+01
2.736281700000000150e+00	-1.846181299999999936e+01
2.737422599999999928e+00	-1.839398100000000014e+01
2.738694500000000254e+00	-1.838267499999999899e+01
2.739969400000000110e+00	-1.841659300000000243e+01
2.741045399999999965e+00	-1.849572899999999720e+01
2.742036899999999999e+00	-1.847312000000000154e+01
2.743189700000000286e+00	-1.849572899999999720e+01
2.744499900000000103e+00	-1.847312000000000154e+01
2.745765399999999801e+00	-1.846181299999999936e+01
2.746886799999999962e+00	-1.847312000000000154e+01
2.747911799999999793e+00	-1.845050900000000027e+01
2.748935200000000023e+00	-1.846181299999999936e+01
2.750100699999999954e+00	-1.846181299999999936e+01
2.751379299999999972e+00	-1.846181299999999936e+01
2.752507000000000037e+00	-1.847312000000000154e+01
2.753471100000000060e+00	-1.840528600000000026e+01
2.754583000000000226e+00	-1.842789700000000153e+01
2.755917399999999962e+00	-1.834875900000000115e+01
2.757236199999999915e+00	-1.837136999999999887e+01
2.758467200000000119e+00	-1.838267499999999899e+01
2.759718399999999683e+00	-1.840528600000000026e+01
2.760951200000000050e+00	-1.842789700000000153e+01
2.762072700000000047e+00	-1.840528600000000026e+01
2.763156799999999969e+00	-1.839398100000000014e+01
2.764323000000000086e+00	-1.841659300000000243e+01
2.765560999999999936e+00	-1.843920199999999809e+01
2.766788800000000048e+00	-1.842789700000000153e+01
2.767978700000000014e+00	-1.840528600000000026e+01
2.769151299999999871e+00	-1.841659300000000243e+01
2.770269900000000174e+00	-1.846181299999999936e+01
2.771364099999999997e+00	-1.845050900000000027e+01
2.772595099999999757e+00	-1.841659300000000243e+01
2.773881300000000216e+00	-1.840528600000000026e+01
2.775013900000000255e+00	-1.845050900000000027e+01
2.776134100000000160e+00	-1.840528600000000026e+01
2.777349400000000301e+00	-1.838267499999999899e+01
2.778477200000000202e+00	-1.841659300000000243e+01
2.779535899999999948e+00	-1.843920199999999809e+01
2.780685499999999699e+00	-1.848442499999999811e+01
2.781905599999999978e+00	-1.845050900000000027e+01
2.783099299999999943e+00	-1.843920199999999809e+01
2.784188600000000235e+00	-1.842789700000000153e+01
2.785226300000000155e+00	-1.839398100000000014e+01
2.786407099999999915e+00	-1.841659300000000243e+01
2.787753599999999832e+00	-1.841659300000000243e+01
2.789028699999999805e+00	-1.839398100000000014e+01
2.790125800000000211e+00	-1.833745400000000103e+01
2.791239700000000212e+00	-1.837136999999999887e+01
2.792485700000000293e+00	-1.836006500000000230e+01
2.793745400000000156e+00	-1.833745400000000103e+01
2.794941300000000073e+00	-1.832614799999999988e+01
2.796095900000000078e+00	-1.833745400000000103e+01
2.797216900000000006e+00	-1.832614799999999988e+01
2.798325600000000080e+00	-1.829223200000000205e+01
2.799486499999999989e+00	-1.829223200000000205e+01
2.800710299999999986e+00	-1.830353600000000114e+01
2.801950099999999999e+00	-1.824700900000000203e+01
2.803158599999999723e+00	-1.823570499999999939e+01
2.804262100000000313e+00	-1.829223200000000205e+01
2.805327800000000149e+00	-1.832614799999999988e+01
2.806533799999999967e+00	-1.833745400000000103e+01
2.807830700000000235e+00	-1.837136999999999887e+01
2.809021899999999849e+00	-1.838267499999999899e+01
2.810050500000000007e+00	-1.841659300000000243e+01
2.811054899999999801e+00	-1.837136999999999887e+01
2.812189000000000050e+00	-1.833745400000000103e+01
2.813390000000000057e+00	-1.830353600000000114e+01
2.814559999999999729e+00	-1.830353600000000114e+01
2.815781300000000265e+00	-1.833745400000000103e+01
2.817066800000000093e+00	-1.831484299999999976e+01
2.818261899999999986e+00	-1.831484299999999976e+01
2.819342199999999909e+00	-1.838267499999999899e+01
2.820447699999999891e+00	-1.837136999999999887e+01
2.821613199999999821e+00	-1.836006500000000230e+01
2.822799600000000186e+00	-1.838267499999999899e+01
2.824048100000000172e+00	-1.838267499999999899e+01
2.825344599999999762e+00	-1.838267499999999899e+01
2.826576699999999942e+00	-1.841659300000000243e+01
2.827730899999999714e+00	-1.838267499999999899e+01
2.828906400000000154e+00	-1.839398100000000014e+01
2.830088300000000334e+00	-1.834875900000000115e+01
2.831172399999999811e+00	-1.829223200000000205e+01
2.832238400000000045e+00	-1.831484299999999976e+01
2.833461199999999902e+00	-1.833745400000000103e+01
2.834776999999999880e+00	-1.834875900000000115e+01
2.835973899999999936e+00	-1.829223200000000205e+01
2.837088699999999797e+00	-1.828092699999999837e+01
2.838289000000000062e+00	-1.831484299999999976e+01
2.839511599999999802e+00	-1.834875900000000115e+01
2.840646599999999911e+00	-1.832614799999999988e+01
2.841743500000000200e+00	-1.833745400000000103e+01
2.842810800000000082e+00	-1.832614799999999988e+01
2.843798499999999674e+00	-1.831484299999999976e+01
2.844829400000000064e+00	-1.826961999999999975e+01
2.846076099999999887e+00	-1.829223200000000205e+01
2.847411499999999762e+00	-1.830353600000000114e+01
2.848606499999999819e+00	-1.825831599999999710e+01
2.849708399999999919e+00	-1.824700900000000203e+01
2.850849300000000142e+00	-1.826961999999999975e+01
2.852067799999999931e+00	-1.824700900000000203e+01
2.853364099999999848e+00	-1.824700900000000203e+01
2.854622199999999665e+00	-1.832614799999999988e+01
2.855749199999999988e+00	-1.831484299999999976e+01
2.856824299999999983e+00	-1.830353600000000114e+01
2.857903799999999883e+00	-1.832614799999999988e+01
2.858973399999999998e+00	-1.837136999999999887e+01
2.860061599999999871e+00	-1.833745400000000103e+01
2.861214900000000227e+00	-1.830353600000000114e+01
2.862432699999999830e+00	-1.825831599999999710e+01
2.863680899999999863e+00	-1.826961999999999975e+01
2.864921999999999969e+00	-1.831484299999999976e+01
2.866145700000000129e+00	-1.829223200000000205e+01
2.867370799999999775e+00	-1.829223200000000205e+01
2.868569900000000228e+00	-1.830353600000000114e+01
2.869710899999999842e+00	-1.830353600000000114e+01
2.870840700000000023e+00	-1.824700900000000203e+01
2.872013300000000324e+00	-1.830353600000000114e+01
2.873251300000000175e+00	-1.836006500000000230e+01
2.874511699999999781e+00	-1.832614799999999988e+01
2.875699200000000122e+00	-1.830353600000000114e+01
2.876858600000000266e+00	-1.828092699999999837e+01
2.878085299999999958e+00	-1.826961999999999975e+01
2.879296999999999773e+00	-1.826961999999999975e+01
2.880404100000000245e+00	-1.829223200000000205e+01
2.881502499999999856e+00	-1.828092699999999837e+01
2.882679800000000014e+00	-1.826961999999999975e+01
2.883870100000000214e+00	-1.825831599999999710e+01
2.885052299999999903e+00	-1.825831599999999710e+01
2.886282800000000037e+00	-1.831484299999999976e+01
2.887504899999999708e+00	-1.824700900000000203e+01
2.888654299999999786e+00	-1.826961999999999975e+01
2.889824100000000229e+00	-1.822439999999999927e+01
2.891074499999999770e+00	-1.825831599999999710e+01
2.892319999999999780e+00	-1.826961999999999975e+01
2.893470499999999834e+00	-1.825831599999999710e+01
2.894542400000000182e+00	-1.831484299999999976e+01
2.895688999999999957e+00	-1.824700900000000203e+01
2.896978499999999901e+00	-1.829223200000000205e+01
2.898234500000000047e+00	-1.832614799999999988e+01
2.899393200000000004e+00	-1.828092699999999837e+01
2.900577100000000019e+00	-1.829223200000000205e+01
2.901761900000000338e+00	-1.826961999999999975e+01
2.902852000000000210e+00	-1.826961999999999975e+01
2.903910400000000003e+00	-1.828092699999999837e+01
2.905030200000000118e+00	-1.829223200000000205e+01
2.906201000000000256e+00	-1.824700900000000203e+01
2.907390600000000269e+00	-1.825831599999999710e+01
2.908555900000000083e+00	-1.824700900000000203e+01
2.909686799999999796e+00	-1.830353600000000114e+01
2.910874600000000090e+00	-1.826961999999999975e+01
2.912096299999999971e+00	-1.823570499999999939e+01
2.913221099999999897e+00	-1.820178899999999800e+01
2.914358000000000004e+00	-1.820178899999999800e+01
2.915678100000000050e+00	-1.825831599999999710e+01
2.917032800000000314e+00	-1.823570499999999939e+01
2.918219300000000072e+00	-1.819048199999999937e+01
2.919318399999999869e+00	-1.823570499999999939e+01
2.920503000000000071e+00	-1.821309300000000064e+01
2.921771699999999861e+00	-1.823570499999999939e+01
2.923005000000000297e+00	-1.824700900000000203e+01
2.924182399999999848e+00	-1.826961999999999975e+01
2.925363799999999959e+00	-1.823570499999999939e+01
2.926525200000000382e+00	-1.819048199999999937e+01
2.927637999999999963e+00	-1.819048199999999937e+01
2.928745700000000340e+00	-1.826961999999999975e+01
2.929836700000000071e+00	-1.823570499999999939e+01
2.930940099999999937e+00	-1.828092699999999837e+01
2.932211099999999959e+00	-1.829223200000000205e+01
2.933612899999999968e+00	-1.828092699999999837e+01
2.934887099999999638e+00	-1.824700900000000203e+01
2.935999400000000037e+00	-1.823570499999999939e+01
2.937119200000000152e+00	-1.824700900000000203e+01
2.938239499999999893e+00	-1.825831599999999710e+01
2.939318600000000004e+00	-1.830353600000000114e+01
2.940486399999999723e+00	-1.819048199999999937e+01
2.941788999999999987e+00	-1.822439999999999927e+01
2.943090500000000276e+00	-1.823570499999999939e+01
2.944274899999999917e+00	-1.824700900000000203e+01
2.945356100000000144e+00	-1.821309300000000064e+01
2.946425899999999931e+00	-1.825831599999999710e+01
2.947548000000000279e+00	-1.825831599999999710e+01
2.948770999999999809e+00	-1.826961999999999975e+01
2.950084799999999952e+00	-1.825831599999999710e+01
2.951294400000000095e+00	-1.820178899999999800e+01
2.952266600000000185e+00	-1.821309300000000064e+01
2.953199300000000083e+00	-1.819048199999999937e+01
2.954328000000000287e+00	-1.819048199999999937e+01
2.955651299999999981e+00	-1.815656599999999798e+01
2.956999199999999828e+00	-1.814526099999999786e+01
2.958236100000000146e+00	-1.819048199999999937e+01
2.959422100000000277e+00	-1.817917699999999925e+01
2.960640399999999950e+00	-1.821309300000000064e+01
2.961854100000000045e+00	-1.820178899999999800e+01
2.963060100000000308e+00	-1.821309300000000064e+01
2.964295599999999808e+00	-1.816787300000000016e+01
2.965539800000000170e+00	-1.816787300000000016e+01
2.966728999999999949e+00	-1.819048199999999937e+01
2.967813800000000057e+00	-1.814526099999999786e+01
2.968851299999999860e+00	-1.816787300000000016e+01
2.969967899999999883e+00	-1.821309300000000064e+01
2.971191000000000138e+00	-1.821309300000000064e+01
2.972436500000000148e+00	-1.821309300000000064e+01
2.973614299999999933e+00	-1.823570499999999939e+01
2.974728899999999676e+00	-1.819048199999999937e+01
2.975862300000000182e+00	-1.820178899999999800e+01
2.977027200000000207e+00	-1.819048199999999937e+01
2.978224099999999819e+00	-1.816787300000000016e+01
2.979515999999999831e+00	-1.820178899999999800e+01
2.980848899999999801e+00	-1.820178899999999800e+01
2.982055299999999853e+00	-1.813395500000000027e+01
2.983115800000000206e+00	-1.815656599999999798e+01
2.984204899999999938e+00	-1.817917699999999925e+01
2.985465899999999895e+00	-1.816787300000000016e+01
2.986818799999999996e+00	-1.819048199999999937e+01
2.988110700000000008e+00	-1.814526099999999786e+01
2.989338999999999746e+00	-1.816787300000000016e+01
2.990579599999999783e+00	-1.815656599999999798e+01
2.991826499999999722e+00	-1.817917699999999925e+01
2.993002000000000162e+00	-1.816787300000000016e+01
2.994083400000000061e+00	-1.816787300000000016e+01
2.995168899999999912e+00	-1.814526099999999786e+01
2.996360799999999713e+00	-1.814526099999999786e+01
2.997633100000000272e+00	-1.811134500000000003e+01
2.998881200000000025e+00	-1.805481800000000092e+01
2.999991899999999934e+00	-1.810003899999999888e+01
3.000952299999999795e+00	-1.806612300000000104e+01
3.001956700000000033e+00	-1.812265000000000015e+01
3.003146300000000046e+00	-1.810003899999999888e+01
3.004375199999999690e+00	-1.812265000000000015e+01
3.005545999999999829e+00	-1.819048199999999937e+01
3.006782700000000030e+00	-1.819048199999999937e+01
3.008131399999999900e+00	-1.820178899999999800e+01
3.009479300000000190e+00	-1.813395500000000027e+01
3.010693499999999911e+00	-1.819048199999999937e+01
3.011778099999999903e+00	-1.821309300000000064e+01
3.012919899999999984e+00	-1.816787300000000016e+01
3.014189599999999913e+00	-1.815656599999999798e+01
3.015424700000000069e+00	-1.815656599999999798e+01
3.016547899999999949e+00	-1.816787300000000016e+01
3.017627500000000129e+00	-1.816787300000000016e+01
3.018709299999999818e+00	-1.812265000000000015e+01
3.019865499999999869e+00	-1.816787300000000016e+01
3.021170899999999993e+00	-1.811134500000000003e+01
3.022579200000000021e+00	-1.815656599999999798e+01
3.023941199999999885e+00	-1.816787300000000016e+01
3.025139400000000034e+00	-1.814526099999999786e+01
3.026202599999999965e+00	-1.811134500000000003e+01
3.027209199999999711e+00	-1.814526099999999786e+01
3.028237199999999962e+00	-1.814526099999999786e+01
3.029446800000000106e+00	-1.815656599999999798e+01
3.030819900000000011e+00	-1.815656599999999798e+01
3.032068699999999950e+00	-1.815656599999999798e+01
3.033113399999999960e+00	-1.814526099999999786e+01
3.034163700000000130e+00	-1.816787300000000016e+01
3.035309899999999672e+00	-1.814526099999999786e+01
3.036488599999999760e+00	-1.815656599999999798e+01
3.037703700000000229e+00	-1.819048199999999937e+01
3.038972000000000229e+00	-1.819048199999999937e+01
3.040214800000000217e+00	-1.819048199999999937e+01
3.041422999999999988e+00	-1.816787300000000016e+01
3.042670000000000208e+00	-1.820178899999999800e+01
3.043905099999999919e+00	-1.819048199999999937e+01
3.045067599999999874e+00	-1.813395500000000027e+01
3.046213799999999861e+00	-1.817917699999999925e+01
3.047383400000000186e+00	-1.815656599999999798e+01
3.048552599999999835e+00	-1.821309300000000064e+01
3.049665799999999649e+00	-1.817917699999999925e+01
3.050708999999999893e+00	-1.817917699999999925e+01
3.051801100000000044e+00	-1.817917699999999925e+01
3.053004500000000121e+00	-1.816787300000000016e+01
3.054223499999999980e+00	-1.815656599999999798e+01
3.055467500000000225e+00	-1.815656599999999798e+01
3.056806499999999982e+00	-1.816787300000000016e+01
3.058150499999999994e+00	-1.815656599999999798e+01
3.059376899999999733e+00	-1.816787300000000016e+01
3.060427600000000137e+00	-1.817917699999999925e+01
3.061385500000000093e+00	-1.817917699999999925e+01
3.062500400000000234e+00	-1.813395500000000027e+01
3.063816200000000212e+00	-1.814526099999999786e+01
3.065095799999999926e+00	-1.813395500000000027e+01
3.066287299999999938e+00	-1.814526099999999786e+01
3.067502799999999752e+00	-1.810003899999999888e+01
3.068690800000000163e+00	-1.811134500000000003e+01
3.069845200000000052e+00	-1.812265000000000015e+01
3.071072599999999930e+00	-1.814526099999999786e+01
3.072318099999999941e+00	-1.812265000000000015e+01
3.073469500000000298e+00	-1.811134500000000003e+01
3.074549600000000105e+00	-1.811134500000000003e+01
3.075675500000000007e+00	-1.811134500000000003e+01
3.076939299999999822e+00	-1.812265000000000015e+01
3.078266900000000028e+00	-1.806612300000000104e+01
3.079521300000000128e+00	-1.805481800000000092e+01
3.080684999999999896e+00	-1.806612300000000104e+01
3.081788500000000042e+00	-1.811134500000000003e+01
3.082925599999999822e+00	-1.813395500000000027e+01
3.084196099999999774e+00	-1.812265000000000015e+01
3.085441700000000065e+00	-1.811134500000000003e+01
3.086513499999999688e+00	-1.816787300000000016e+01
3.087613500000000233e+00	-1.813395500000000027e+01
3.088842699999999830e+00	-1.808873399999999876e+01
3.090028699999999962e+00	-1.812265000000000015e+01
3.091198299999999843e+00	-1.817917699999999925e+01
3.092506599999999661e+00	-1.817917699999999925e+01
3.093871599999999944e+00	-1.812265000000000015e+01
3.095080999999999971e+00	-1.810003899999999888e+01
3.096096900000000041e+00	-1.808873399999999876e+01
3.097121000000000013e+00	-1.810003899999999888e+01
3.098292800000000291e+00	-1.808873399999999876e+01
3.099537000000000209e+00	-1.810003899999999888e+01
3.100773899999999639e+00	-1.808873399999999876e+01
3.101987400000000061e+00	-1.808873399999999876e+01
3.103190000000000115e+00	-1.808873399999999876e+01
3.104417399999999994e+00	-1.804351199999999977e+01
3.105639999999999734e+00	-1.807742800000000116e+01
3.106792699999999741e+00	-1.804351199999999977e+01
3.107938000000000311e+00	-1.805481800000000092e+01
3.109205400000000008e+00	-1.806612300000000104e+01
3.110549199999999903e+00	-1.807742800000000116e+01
3.111816999999999833e+00	-1.808873399999999876e+01
3.112998500000000224e+00	-1.803220699999999965e+01
3.114138499999999699e+00	-1.802090000000000103e+01
3.115271300000000299e+00	-1.804351199999999977e+01
3.116460400000000242e+00	-1.800959600000000194e+01
3.117642599999999931e+00	-1.805481800000000092e+01
3.118756499999999932e+00	-1.804351199999999977e+01
3.119930400000000326e+00	-1.804351199999999977e+01
3.121178000000000008e+00	-1.802090000000000103e+01
3.122380099999999992e+00	-1.805481800000000092e+01
3.123564099999999844e+00	-1.805481800000000092e+01
3.124770000000000270e+00	-1.806612300000000104e+01
3.125964199999999860e+00	-1.808873399999999876e+01
3.127175199999999933e+00	-1.812265000000000015e+01
3.128380299999999892e+00	-1.816787300000000016e+01
3.129546299999999892e+00	-1.811134500000000003e+01
3.130761800000000150e+00	-1.807742800000000116e+01
3.131979599999999753e+00	-1.805481800000000092e+01
3.133079200000000064e+00	-1.802090000000000103e+01
3.134140600000000276e+00	-1.808873399999999876e+01
3.135267199999999921e+00	-1.808873399999999876e+01
3.136513200000000001e+00	-1.811134500000000003e+01
3.137854499999999991e+00	-1.804351199999999977e+01
3.139097799999999605e+00	-1.804351199999999977e+01
3.140218499999999580e+00	-1.803220699999999965e+01
3.141399700000000017e+00	-1.804351199999999977e+01
3.142600700000000025e+00	-1.808873399999999876e+01
3.143727099999999997e+00	-1.805481800000000092e+01
3.144965099999999847e+00	-1.805481800000000092e+01
3.146373300000000039e+00	-1.800959600000000194e+01
3.147666599999999981e+00	-1.802090000000000103e+01
3.148714800000000036e+00	-1.800959600000000194e+01
3.149689299999999914e+00	-1.803220699999999965e+01
3.150798899999999847e+00	-1.805481800000000092e+01
3.152124499999999774e+00	-1.805481800000000092e+01
3.153447299999999842e+00	-1.807742800000000116e+01
3.154519599999999979e+00	-1.804351199999999977e+01
3.155486000000000235e+00	-1.804351199999999977e+01
3.156623100000000015e+00	-1.805481800000000092e+01
3.157929100000000044e+00	-1.805481800000000092e+01
3.159195799999999998e+00	-1.808873399999999876e+01
3.160333099999999895e+00	-1.810003899999999888e+01
3.161484100000000019e+00	-1.806612300000000104e+01
3.162764600000000037e+00	-1.808873399999999876e+01
3.164061600000000141e+00	-1.810003899999999888e+01
3.165234400000000115e+00	-1.811134500000000003e+01
3.166350299999999951e+00	-1.815656599999999798e+01
3.167519500000000043e+00	-1.814526099999999786e+01
3.168712300000000148e+00	-1.808873399999999876e+01
3.169901400000000091e+00	-1.808873399999999876e+01
3.171101100000000006e+00	-1.812265000000000015e+01
3.172253400000000223e+00	-1.811134500000000003e+01
3.173325699999999916e+00	-1.807742800000000116e+01
3.174426400000000204e+00	-1.806612300000000104e+01
3.175654500000000269e+00	-1.806612300000000104e+01
3.176958700000000135e+00	-1.813395500000000027e+01
3.178282900000000133e+00	-1.807742800000000116e+01
3.179639399999999672e+00	-1.806612300000000104e+01
3.180917200000000111e+00	-1.806612300000000104e+01
3.182003600000000265e+00	-1.808873399999999876e+01
3.183063199999999870e+00	-1.807742800000000116e+01
3.184250800000000048e+00	-1.810003899999999888e+01
3.185455199999999820e+00	-1.810003899999999888e+01
3.186608000000000107e+00	-1.810003899999999888e+01
3.187798000000000354e+00	-1.806612300000000104e+01
3.189057199999999703e+00	-1.811134500000000003e+01
3.190367800000000198e+00	-1.810003899999999888e+01
3.191696100000000147e+00	-1.810003899999999888e+01
3.192968499999999654e+00	-1.807742800000000116e+01
3.194192199999999815e+00	-1.805481800000000092e+01
3.195408499999999652e+00	-1.806612300000000104e+01
3.196574700000000213e+00	-1.804351199999999977e+01
3.197660399999999736e+00	-1.804351199999999977e+01
3.198725599999999947e+00	-1.806612300000000104e+01
3.199877899999999720e+00	-1.808873399999999876e+01
3.201126200000000033e+00	-1.807742800000000116e+01
3.202347700000000241e+00	-1.803220699999999965e+01
3.203488199999999786e+00	-1.807742800000000116e+01
3.204629399999999961e+00	-1.811134500000000003e+01
3.205805999999999933e+00	-1.812265000000000015e+01
3.206980200000000281e+00	-1.806612300000000104e+01
3.208146600000000070e+00	-1.813395500000000027e+01
3.209307599999999816e+00	-1.811134500000000003e+01
3.210469199999999912e+00	-1.813395500000000027e+01
3.211690500000000004e+00	-1.805481800000000092e+01
3.212990100000000293e+00	-1.811134500000000003e+01
3.214265699999999892e+00	-1.807742800000000116e+01
3.215473499999999873e+00	-1.815656599999999798e+01
3.216719499999999954e+00	-1.812265000000000015e+01
3.218009200000000014e+00	-1.813395500000000027e+01
3.219246099999999888e+00	-1.810003899999999888e+01
3.220438399999999923e+00	-1.803220699999999965e+01
3.221598000000000184e+00	-1.805481800000000092e+01
3.222722200000000203e+00	-1.808873399999999876e+01
3.223907700000000265e+00	-1.811134500000000003e+01
3.225161399999999734e+00	-1.811134500000000003e+01
3.226349200000000028e+00	-1.804351199999999977e+01
3.227479299999999718e+00	-1.806612300000000104e+01
3.228686199999999840e+00	-1.803220699999999965e+01
3.229962200000000117e+00	-1.804351199999999977e+01
3.231143400000000110e+00	-1.800959600000000194e+01
3.232188199999999956e+00	-1.804351199999999977e+01
3.233320299999999925e+00	-1.808873399999999876e+01
3.234680700000000186e+00	-1.805481800000000092e+01
3.236065599999999876e+00	-1.807742800000000116e+01
3.237238200000000177e+00	-1.805481800000000092e+01
3.238229099999999860e+00	-1.804351199999999977e+01
3.239258100000000251e+00	-1.810003899999999888e+01
3.240456399999999793e+00	-1.810003899999999888e+01
3.241719699999999982e+00	-1.802090000000000103e+01
3.242978899999999776e+00	-1.802090000000000103e+01
3.244279899999999994e+00	-1.802090000000000103e+01
3.245566399999999962e+00	-1.804351199999999977e+01
3.246801699999999791e+00	-1.803220699999999965e+01
3.247990200000000272e+00	-1.805481800000000092e+01
3.249089099999999952e+00	-1.810003899999999888e+01
3.250207800000000091e+00	-1.804351199999999977e+01
3.251504499999999798e+00	-1.805481800000000092e+01
3.252877800000000263e+00	-1.806612300000000104e+01
3.254111599999999882e+00	-1.803220699999999965e+01
3.255189800000000133e+00	-1.802090000000000103e+01
3.256248900000000113e+00	-1.804351199999999977e+01
3.257350699999999932e+00	-1.806612300000000104e+01
3.258501700000000056e+00	-1.803220699999999965e+01
3.259728100000000239e+00	-1.797568000000000055e+01
3.260993299999999984e+00	-1.800959600000000194e+01
3.262206700000000126e+00	-1.800959600000000194e+01
3.263368899999999684e+00	-1.807742800000000116e+01
3.264549800000000168e+00	-1.803220699999999965e+01
3.265763100000000030e+00	-1.804351199999999977e+01
3.266977499999999868e+00	-1.806612300000000104e+01
3.268192399999999775e+00	-1.806612300000000104e+01
3.269427499999999931e+00	-1.803220699999999965e+01
3.270658699999999808e+00	-1.803220699999999965e+01
3.271821700000000277e+00	-1.805481800000000092e+01
3.272914899999999960e+00	-1.800959600000000194e+01
3.274035000000000029e+00	-1.799828899999999976e+01
3.275255000000000027e+00	-1.803220699999999965e+01
3.276517899999999983e+00	-1.806612300000000104e+01
3.277716600000000202e+00	-1.807742800000000116e+01
3.278875699999999949e+00	-1.804351199999999977e+01
3.280098100000000017e+00	-1.804351199999999977e+01
3.281380500000000033e+00	-1.810003899999999888e+01
3.282668600000000048e+00	-1.799828899999999976e+01
3.283924300000000240e+00	-1.806612300000000104e+01
3.285075500000000037e+00	-1.806612300000000104e+01
3.286144399999999965e+00	-1.802090000000000103e+01
3.287264500000000034e+00	-1.803220699999999965e+01
3.288445200000000401e+00	-1.802090000000000103e+01
3.289641699999999780e+00	-1.805481800000000092e+01
3.290879499999999958e+00	-1.805481800000000092e+01
3.292085699999999893e+00	-1.807742800000000116e+01
3.293205500000000008e+00	-1.802090000000000103e+01
3.294410999999999756e+00	-1.807742800000000116e+01
3.295769600000000299e+00	-1.807742800000000116e+01
3.297076799999999697e+00	-1.808873399999999876e+01
3.298188600000000026e+00	-1.811134500000000003e+01
3.299175700000000155e+00	-1.805481800000000092e+01
3.300221999999999767e+00	-1.812265000000000015e+01
3.301425300000000007e+00	-1.812265000000000015e+01
3.302698600000000262e+00	-1.803220699999999965e+01
3.303922800000000048e+00	-1.806612300000000104e+01
3.305101499999999692e+00	-1.804351199999999977e+01
3.306342499999999962e+00	-1.802090000000000103e+01
3.307633499999999671e+00	-1.807742800000000116e+01
3.308868100000000201e+00	-1.808873399999999876e+01
3.310070000000000068e+00	-1.806612300000000104e+01
3.311254700000000106e+00	-1.803220699999999965e+01
3.312365799999999805e+00	-1.803220699999999965e+01
3.313455600000000167e+00	-1.804351199999999977e+01
3.314650700000000061e+00	-1.804351199999999977e+01
3.315992000000000051e+00	-1.808873399999999876e+01
3.317381899999999995e+00	-1.805481800000000092e+01
3.318702099999999877e+00	-1.810003899999999888e+01
3.319930800000000293e+00	-1.810003899999999888e+01
3.321099900000000105e+00	-1.807742800000000116e+01
3.322204099999999993e+00	-1.805481800000000092e+01
3.323270899999999806e+00	-1.803220699999999965e+01
3.324424399999999835e+00	-1.806612300000000104e+01
3.325678999999999608e+00	-1.805481800000000092e+01
3.326861599999999974e+00	-1.804351199999999977e+01
3.327982500000000066e+00	-1.806612300000000104e+01
3.329275400000000218e+00	-1.806612300000000104e+01
3.330661000000000094e+00	-1.808873399999999876e+01
3.331843300000000063e+00	-1.804351199999999977e+01
3.332909700000000086e+00	-1.800959600000000194e+01
3.334099999999999842e+00	-1.805481800000000092e+01
3.335397200000000062e+00	-1.800959600000000194e+01
3.336707800000000113e+00	-1.797568000000000055e+01
3.337914200000000164e+00	-1.796437300000000192e+01
3.338916300000000170e+00	-1.802090000000000103e+01
3.339860499999999899e+00	-1.800959600000000194e+01
3.340976500000000016e+00	-1.805481800000000092e+01
3.342259799999999892e+00	-1.802090000000000103e+01
3.343523499999999871e+00	-1.802090000000000103e+01
3.344694100000000336e+00	-1.803220699999999965e+01
3.345907799999999988e+00	-1.800959600000000194e+01
3.347256599999999693e+00	-1.800959600000000194e+01
3.348586700000000249e+00	-1.798698399999999964e+01
3.349717600000000406e+00	-1.808873399999999876e+01
3.350746500000000072e+00	-1.807742800000000116e+01
3.351863400000000048e+00	-1.805481800000000092e+01
3.353082800000000141e+00	-1.808873399999999876e+01
3.354326100000000199e+00	-1.803220699999999965e+01
3.355544800000000105e+00	-1.800959600000000194e+01
3.356806500000000248e+00	-1.800959600000000194e+01
3.358200500000000144e+00	-1.805481800000000092e+01
3.359566599999999958e+00	-1.807742800000000116e+01
3.360691600000000001e+00	-1.802090000000000103e+01
3.361679800000000107e+00	-1.798698399999999964e+01
3.362792100000000062e+00	-1.802090000000000103e+01
3.364084499999999700e+00	-1.800959600000000194e+01
3.365356400000000026e+00	-1.802090000000000103e+01
3.366470500000000143e+00	-1.802090000000000103e+01
3.367568299999999848e+00	-1.800959600000000194e+01
3.368771600000000088e+00	-1.796437300000000192e+01
3.370009199999999705e+00	-1.796437300000000192e+01
3.371224200000000337e+00	-1.796437300000000192e+01
3.372426400000000157e+00	-1.805481800000000092e+01
3.373610100000000056e+00	-1.799828899999999976e+01
3.374800099999999858e+00	-1.799828899999999976e+01
3.376040200000000269e+00	-1.802090000000000103e+01
3.377300299999999922e+00	-1.802090000000000103e+01
3.378523199999999616e+00	-1.800959600000000194e+01
3.379716000000000165e+00	-1.800959600000000194e+01
3.380971499999999796e+00	-1.798698399999999964e+01
3.382295500000000121e+00	-1.803220699999999965e+01
3.383481699999999925e+00	-1.804351199999999977e+01
3.384474700000000169e+00	-1.798698399999999964e+01
3.385536000000000101e+00	-1.802090000000000103e+01
3.386811799999999817e+00	-1.805481800000000092e+01
3.388157900000000389e+00	-1.803220699999999965e+01
3.389453200000000166e+00	-1.803220699999999965e+01
3.390723799999999954e+00	-1.802090000000000103e+01
3.391954799999999715e+00	-1.802090000000000103e+01
3.393109900000000234e+00	-1.800959600000000194e+01
3.394228500000000093e+00	-1.799828899999999976e+01
3.395325199999999821e+00	-1.798698399999999964e+01
3.396426799999999968e+00	-1.810003899999999888e+01
3.397613500000000286e+00	-1.808873399999999876e+01
3.398849699999999974e+00	-1.810003899999999888e+01
3.400024099999999994e+00	-1.811134500000000003e+01
3.401185899999999762e+00	-1.805481800000000092e+01
3.402434500000000028e+00	-1.807742800000000116e+01
3.403712999999999766e+00	-1.805481800000000092e+01
3.404963299999999915e+00	-1.803220699999999965e+01
3.406176099999999707e+00	-1.803220699999999965e+01
3.407334599999999991e+00	-1.804351199999999977e+01
3.408497399999999899e+00	-1.798698399999999964e+01
3.409737499999999866e+00	-1.802090000000000103e+01
3.411026200000000230e+00	-1.799828899999999976e+01
3.412229299999999910e+00	-1.799828899999999976e+01
3.413280199999999986e+00	-1.797568000000000055e+01
3.414354300000000286e+00	-1.793045700000000053e+01
3.415619200000000077e+00	-1.791915200000000041e+01
3.416953200000000024e+00	-1.800959600000000194e+01
3.418188300000000179e+00	-1.800959600000000194e+01
3.419373100000000054e+00	-1.795306800000000180e+01
3.420557100000000350e+00	-1.796437300000000192e+01
3.421678200000000114e+00	-1.794176200000000065e+01
3.422827100000000122e+00	-1.795306800000000180e+01
3.424133599999999777e+00	-1.800959600000000194e+01
3.425465399999999772e+00	-1.798698399999999964e+01
3.426674799999999799e+00	-1.799828899999999976e+01
3.427792100000000008e+00	-1.798698399999999964e+01
3.428871899999999862e+00	-1.798698399999999964e+01
3.430031300000000005e+00	-1.802090000000000103e+01
3.431383399999999639e+00	-1.798698399999999964e+01
3.432773799999999653e+00	-1.795306800000000180e+01
3.433939599999999981e+00	-1.797568000000000055e+01
3.434898400000000240e+00	-1.795306800000000180e+01
3.435933200000000021e+00	-1.796437300000000192e+01
3.437184900000000098e+00	-1.791915200000000041e+01
3.438479100000000344e+00	-1.793045700000000053e+01
3.439675100000000096e+00	-1.794176200000000065e+01
3.440844900000000095e+00	-1.803220699999999965e+01
3.442036799999999896e+00	-1.796437300000000192e+01
3.443273299999999981e+00	-1.799828899999999976e+01
3.444589099999999959e+00	-1.804351199999999977e+01
3.445851900000000079e+00	-1.803220699999999965e+01
3.446956300000000084e+00	-1.802090000000000103e+01
3.448047900000000165e+00	-1.804351199999999977e+01
3.449255200000000077e+00	-1.804351199999999977e+01
3.450513799999999964e+00	-1.803220699999999965e+01
3.451709699999999881e+00	-1.800959600000000194e+01
3.452825199999999928e+00	-1.804351199999999977e+01
3.453952099999999970e+00	-1.802090000000000103e+01
3.455172399999999922e+00	-1.798698399999999964e+01
3.456479999999999997e+00	-1.798698399999999964e+01
3.457847899999999974e+00	-1.800959600000000194e+01
3.459215100000000209e+00	-1.798698399999999964e+01
3.460444499999999923e+00	-1.806612300000000104e+01
3.461490500000000026e+00	-1.803220699999999965e+01
3.462473800000000157e+00	-1.798698399999999964e+01
3.463515899999999981e+00	-1.802090000000000103e+01
3.464620699999999776e+00	-1.800959600000000194e+01
3.465753700000000048e+00	-1.794176200000000065e+01
3.467005899999999752e+00	-1.795306800000000180e+01
3.468428999999999984e+00	-1.794176200000000065e+01
3.469803699999999935e+00	-1.802090000000000103e+01
3.470974199999999676e+00	-1.796437300000000192e+01
3.472080399999999845e+00	-1.799828899999999976e+01
3.473234999999999850e+00	-1.796437300000000192e+01
3.474396599999999946e+00	-1.794176200000000065e+01
3.475538300000000191e+00	-1.794176200000000065e+01
3.476712400000000258e+00	-1.799828899999999976e+01
3.477988500000000371e+00	-1.802090000000000103e+01
3.479336599999999891e+00	-1.800959600000000194e+01
3.480655300000000008e+00	-1.800959600000000194e+01
3.481875400000000287e+00	-1.800959600000000194e+01
3.482970899999999759e+00	-1.802090000000000103e+01
3.484008599999999678e+00	-1.793045700000000053e+01
3.485145500000000229e+00	-1.797568000000000055e+01
3.486418100000000297e+00	-1.796437300000000192e+01
3.487674300000000116e+00	-1.796437300000000192e+01
3.488833500000000143e+00	-1.796437300000000192e+01
3.489986500000000103e+00	-1.798698399999999964e+01
3.491186400000000134e+00	-1.800959600000000194e+01
3.492403700000000111e+00	-1.799828899999999976e+01
3.493600799999999840e+00	-1.797568000000000055e+01
3.494741599999999782e+00	-1.799828899999999976e+01
3.495871900000000032e+00	-1.797568000000000055e+01
3.497101499999999863e+00	-1.795306800000000180e+01
3.498425699999999861e+00	-1.799828899999999976e+01
3.499663100000000249e+00	-1.797568000000000055e+01
3.500675300000000156e+00	-1.798698399999999964e+01
3.501658500000000007e+00	-1.798698399999999964e+01
3.502917000000000058e+00	-1.798698399999999964e+01
3.504364000000000257e+00	-1.793045700000000053e+01
3.505702599999999780e+00	-1.796437300000000192e+01
3.506903100000000162e+00	-1.799828899999999976e+01
3.508106100000000005e+00	-1.795306800000000180e+01
3.509347599999999900e+00	-1.793045700000000053e+01
3.510570199999999641e+00	-1.791915200000000041e+01
3.511726799999999926e+00	-1.794176200000000065e+01
3.512836899999999929e+00	-1.791915200000000041e+01
3.513976699999999731e+00	-1.788523500000000155e+01
3.515195900000000151e+00	-1.787392999999999788e+01
3.516467599999999916e+00	-1.794176200000000065e+01
3.517766799999999972e+00	-1.800959600000000194e+01
3.519083500000000253e+00	-1.793045700000000053e+01
3.520317900000000222e+00	-1.794176200000000065e+01
3.521387499999999893e+00	-1.795306800000000180e+01
3.522444600000000037e+00	-1.793045700000000053e+01
3.523676899999999890e+00	-1.788523500000000155e+01
3.524998599999999982e+00	-1.790784600000000282e+01
3.526243299999999969e+00	-1.786262499999999775e+01
3.527419000000000082e+00	-1.794176200000000065e+01
3.528607300000000002e+00	-1.795306800000000180e+01
3.529843100000000344e+00	-1.790784600000000282e+01
3.531064699999999945e+00	-1.787392999999999788e+01
3.532174300000000322e+00	-1.788523500000000155e+01
3.533232099999999765e+00	-1.790784600000000282e+01
3.534387800000000190e+00	-1.789654099999999914e+01
3.535638799999999637e+00	-1.787392999999999788e+01
3.536844799999999900e+00	-1.785131900000000016e+01
3.537944400000000211e+00	-1.780609799999999865e+01
3.539040599999999870e+00	-1.782870699999999786e+01
3.540221999999999980e+00	-1.786262499999999775e+01
3.541468699999999803e+00	-1.785131900000000016e+01
3.542732200000000109e+00	-1.784001400000000004e+01
3.543970700000000029e+00	-1.786262499999999775e+01
3.545218799999999781e+00	-1.791915200000000041e+01
3.546509300000000309e+00	-1.788523500000000155e+01
3.547744400000000020e+00	-1.781740299999999877e+01
3.548911100000000207e+00	-1.780609799999999865e+01
3.550151399999999846e+00	-1.781740299999999877e+01
3.551448800000000183e+00	-1.781740299999999877e+01
3.552672100000000110e+00	-1.786262499999999775e+01
3.553867399999999677e+00	-1.785131900000000016e+01
3.555082199999999748e+00	-1.786262499999999775e+01
3.556185399999999941e+00	-1.786262499999999775e+01
3.557183599999999668e+00	-1.788523500000000155e+01
3.558327500000000310e+00	-1.786262499999999775e+01
3.559672200000000064e+00	-1.788523500000000155e+01
3.560903000000000151e+00	-1.787392999999999788e+01
3.561875700000000311e+00	-1.787392999999999788e+01
3.562899799999999839e+00	-1.782870699999999786e+01
3.564163999999999888e+00	-1.784001400000000004e+01
3.565454099999999737e+00	-1.786262499999999775e+01
3.566622399999999971e+00	-1.793045700000000053e+01
3.567758500000000055e+00	-1.787392999999999788e+01
3.568974299999999822e+00	-1.791915200000000041e+01
3.570304699999999887e+00	-1.789654099999999914e+01
3.571629299999999674e+00	-1.784001400000000004e+01
3.572819699999999710e+00	-1.787392999999999788e+01
3.573937900000000223e+00	-1.787392999999999788e+01
3.575090199999999996e+00	-1.786262499999999775e+01
3.576323700000000105e+00	-1.782870699999999786e+01
3.577616599999999814e+00	-1.781740299999999877e+01
3.578873900000000052e+00	-1.780609799999999865e+01
3.580092400000000286e+00	-1.779479100000000003e+01
3.581331399999999832e+00	-1.779479100000000003e+01
3.582536700000000351e+00	-1.782870699999999786e+01
3.583636500000000336e+00	-1.782870699999999786e+01
3.584696500000000174e+00	-1.781740299999999877e+01
3.585843800000000137e+00	-1.785131900000000016e+01
3.587086899999999634e+00	-1.784001400000000004e+01
3.588338999999999945e+00	-1.779479100000000003e+01
3.589563199999999732e+00	-1.779479100000000003e+01
3.590782400000000152e+00	-1.781740299999999877e+01
3.592050200000000082e+00	-1.786262499999999775e+01
3.593367399999999989e+00	-1.788523500000000155e+01
3.594603000000000215e+00	-1.791915200000000041e+01
3.595692099999999947e+00	-1.788523500000000155e+01
3.596814799999999757e+00	-1.782870699999999786e+01
3.598131600000000319e+00	-1.780609799999999865e+01
3.599462599999999846e+00	-1.774957099999999954e+01
3.600526300000000290e+00	-1.773826400000000092e+01
3.601437799999999800e+00	-1.777217999999999876e+01
3.602597000000000271e+00	-1.776087499999999864e+01
3.604048499999999766e+00	-1.778348700000000093e+01
3.605442299999999989e+00	-1.777217999999999876e+01
3.606617799999999985e+00	-1.772695900000000080e+01
3.607747400000000049e+00	-1.772695900000000080e+01
3.608939799999999920e+00	-1.769304299999999941e+01
3.610086700000000093e+00	-1.773826400000000092e+01
3.611155300000000068e+00	-1.771565299999999965e+01
3.612326700000000113e+00	-1.769304299999999941e+01
3.613694600000000090e+00	-1.767043200000000169e+01
3.615064100000000114e+00	-1.765912600000000054e+01
3.616272799999999954e+00	-1.762521000000000271e+01
3.617414699999999872e+00	-1.760259800000000041e+01
3.618564300000000067e+00	-1.761390500000000259e+01
3.619709099999999680e+00	-1.762521000000000271e+01
3.620871399999999962e+00	-1.760259800000000041e+01
3.622036299999999986e+00	-1.754607100000000131e+01
3.623191099999999665e+00	-1.752346000000000004e+01
3.624350300000000136e+00	-1.746693299999999738e+01
3.625515500000000113e+00	-1.746693299999999738e+01
3.626743600000000178e+00	-1.746693299999999738e+01
3.628056899999999807e+00	-1.743301699999999954e+01
3.629341099999999987e+00	-1.743301699999999954e+01
3.630490500000000065e+00	-1.744432300000000069e+01
3.631539799999999651e+00	-1.746693299999999738e+01
3.632645799999999703e+00	-1.743301699999999954e+01
3.633917200000000403e+00	-1.741040599999999827e+01
3.635246699999999720e+00	-1.742171199999999942e+01
3.636486600000000013e+00	-1.736518500000000031e+01
3.637664100000000289e+00	-1.735387799999999814e+01
3.638856700000000277e+00	-1.737649000000000044e+01
3.640032399999999946e+00	-1.736518500000000031e+01
3.641110899999999706e+00	-1.734257399999999905e+01
3.642151800000000161e+00	-1.738779600000000158e+01
3.643364400000000280e+00	-1.734257399999999905e+01
3.644769299999999657e+00	-1.729735099999999903e+01
3.646098500000000353e+00	-1.733126700000000042e+01
3.647235900000000086e+00	-1.727474000000000132e+01
3.648353600000000085e+00	-1.725213000000000108e+01
3.649518000000000040e+00	-1.721821300000000221e+01
3.650658299999999912e+00	-1.717299199999999715e+01
3.651847700000000252e+00	-1.719560299999999842e+01
3.653157799999999789e+00	-1.712776899999999713e+01
3.654432900000000206e+00	-1.710515799999999942e+01
3.655501800000000134e+00	-1.711646499999999804e+01
3.656464300000000112e+00	-1.704863100000000031e+01
3.657522300000000115e+00	-1.704863100000000031e+01
3.658653000000000155e+00	-1.699210400000000121e+01
3.659737800000000263e+00	-1.696949199999999891e+01
3.660860800000000026e+00	-1.696949199999999891e+01
3.662174999999999958e+00	-1.696949199999999891e+01
3.663567700000000205e+00	-1.695818799999999982e+01
3.664811900000000122e+00	-1.690166100000000071e+01
3.665963300000000036e+00	-1.693557600000000107e+01
3.667213600000000184e+00	-1.690166100000000071e+01
3.668496399999999991e+00	-1.687904900000000197e+01
3.669649900000000020e+00	-1.679991099999999804e+01
3.670759499999999953e+00	-1.678860599999999792e+01
3.671952300000000058e+00	-1.675469000000000008e+01
3.673130800000000029e+00	-1.668685599999999880e+01
3.674215100000000067e+00	-1.670946800000000110e+01
3.675331999999999599e+00	-1.666424500000000108e+01
3.676609399999999805e+00	-1.657380200000000059e+01
3.678024100000000018e+00	-1.657380200000000059e+01
3.679428999999999839e+00	-1.655119099999999932e+01
3.680663899999999877e+00	-1.655119099999999932e+01
3.681732099999999619e+00	-1.650596999999999781e+01
3.682794599999999807e+00	-1.640421999999999869e+01
3.683969199999999944e+00	-1.637030400000000085e+01
3.685208199999999934e+00	-1.639291499999999857e+01
3.686422599999999772e+00	-1.632508199999999832e+01
3.687634700000000265e+00	-1.621202699999999908e+01
3.688848200000000244e+00	-1.613288900000000226e+01
3.689997599999999878e+00	-1.613288900000000226e+01
3.691144700000000167e+00	-1.609897299999999731e+01
3.692384099999999947e+00	-1.607636199999999960e+01
3.693618700000000032e+00	-1.605375000000000085e+01
3.694754499999999720e+00	-1.591808600000000240e+01
3.695888200000000179e+00	-1.588416899999999998e+01
3.696992100000000114e+00	-1.583894800000000025e+01
3.697672100000000128e+00	-1.587286399999999809e+01
3.697553399999999879e+00	-1.600853000000000037e+01
3.696762899999999963e+00	-1.605375000000000085e+01
3.695810199999999934e+00	-1.612158399999999858e+01
3.695031399999999966e+00	-1.618941600000000136e+01
3.694370700000000340e+00	-1.625725000000000264e+01
3.693706000000000156e+00	-1.625725000000000264e+01
3.693036700000000394e+00	-1.632508199999999832e+01
3.692349099999999940e+00	-1.630246999999999957e+01
3.691604899999999745e+00	-1.631377700000000175e+01
3.690812300000000157e+00	-1.634769299999999959e+01
3.689991399999999810e+00	-1.649466300000000274e+01
3.689163800000000215e+00	-1.651727500000000148e+01
3.688356900000000049e+00	-1.656249700000000047e+01
3.687569900000000178e+00	-1.652858099999999908e+01
3.686776399999999843e+00	-1.652858099999999908e+01
3.685950100000000340e+00	-1.659641300000000186e+01
3.685094700000000056e+00	-1.668685599999999880e+01
3.684273000000000131e+00	-1.667555199999999971e+01
3.683554500000000065e+00	-1.676599500000000020e+01
3.682890999999999693e+00	-1.675469000000000008e+01
3.682132499999999808e+00	-1.668685599999999880e+01
3.681229099999999921e+00	-1.668685599999999880e+01
3.680266200000000154e+00	-1.670946800000000110e+01
3.679328799999999955e+00	-1.678860599999999792e+01
3.678477200000000114e+00	-1.686774499999999932e+01
3.677734599999999965e+00	-1.693557600000000107e+01
3.676982900000000054e+00	-1.693557600000000107e+01
3.676047799999999643e+00	-1.693557600000000107e+01
3.674996799999999730e+00	-1.700340999999999880e+01
3.674060700000000068e+00	-1.699210400000000121e+01
3.673242200000000235e+00	-1.704863100000000031e+01
3.672406599999999965e+00	-1.699210400000000121e+01
3.671533000000000158e+00	-1.702601999999999904e+01
3.670643999999999796e+00	-1.711646499999999804e+01
3.669809299999999830e+00	-1.708254900000000021e+01
3.669058300000000106e+00	-1.708254900000000021e+01
3.668241300000000038e+00	-1.710515799999999942e+01
3.667288899999999963e+00	-1.715038099999999943e+01
3.666331399999999796e+00	-1.719560299999999842e+01
3.665420999999999818e+00	-1.720690799999999854e+01
3.664473800000000114e+00	-1.722951900000000336e+01
3.663502900000000118e+00	-1.719560299999999842e+01
3.662640000000000118e+00	-1.721821300000000221e+01
3.661893099999999901e+00	-1.720690799999999854e+01
3.661101799999999962e+00	-1.726343500000000120e+01
3.660183699999999707e+00	-1.731996200000000030e+01
3.659188499999999955e+00	-1.731996200000000030e+01
3.658196600000000132e+00	-1.735387799999999814e+01
3.657321899999999903e+00	-1.736518500000000031e+01
3.656589800000000334e+00	-1.735387799999999814e+01
3.655871300000000268e+00	-1.730865800000000121e+01
3.655018200000000217e+00	-1.735387799999999814e+01
3.653986600000000085e+00	-1.739910100000000170e+01
3.652918399999999899e+00	-1.745562800000000081e+01
3.652026199999999889e+00	-1.736518500000000031e+01
3.651297900000000318e+00	-1.738779600000000158e+01
3.650492300000000245e+00	-1.739910100000000170e+01
3.649517100000000180e+00	-1.742171199999999942e+01
3.648545100000000208e+00	-1.742171199999999942e+01
3.647667899999999630e+00	-1.738779600000000158e+01
3.646781600000000179e+00	-1.752346000000000004e+01
3.645826800000000034e+00	-1.757998699999999914e+01
3.644829299999999606e+00	-1.748954399999999865e+01
3.643820700000000024e+00	-1.746693299999999738e+01
3.642885800000000174e+00	-1.746693299999999738e+01
3.642082400000000053e+00	-1.745562800000000081e+01
3.641316000000000219e+00	-1.747823899999999853e+01
3.640464199999999817e+00	-1.745562800000000081e+01
3.639534499999999895e+00	-1.748954399999999865e+01
3.638573800000000080e+00	-1.751215499999999992e+01
3.637588399999999833e+00	-1.753476699999999866e+01
3.636602700000000077e+00	-1.759129400000000132e+01
3.635635300000000125e+00	-1.751215499999999992e+01
3.634717399999999987e+00	-1.747823899999999853e+01
3.633869300000000191e+00	-1.755737799999999993e+01
3.632949800000000007e+00	-1.759129400000000132e+01
3.631879699999999822e+00	-1.757998699999999914e+01
3.630832700000000024e+00	-1.762521000000000271e+01
3.629940200000000061e+00	-1.765912600000000054e+01
3.629138699999999940e+00	-1.761390500000000259e+01
3.628286099999999958e+00	-1.761390500000000259e+01
3.627321799999999818e+00	-1.767043200000000169e+01
3.626349100000000103e+00	-1.762521000000000271e+01
3.625423500000000132e+00	-1.763651400000000180e+01
3.624486499999999722e+00	-1.765912600000000054e+01
3.623552200000000223e+00	-1.765912600000000054e+01
3.622627000000000042e+00	-1.767043200000000169e+01
3.621646599999999605e+00	-1.765912600000000054e+01
3.620648800000000112e+00	-1.769304299999999941e+01
3.619699999999999918e+00	-1.769304299999999941e+01
3.618768199999999879e+00	-1.772695900000000080e+01
3.617837399999999981e+00	-1.765912600000000054e+01
3.616939499999999974e+00	-1.771565299999999965e+01
3.616068400000000072e+00	-1.772695900000000080e+01
3.615154800000000002e+00	-1.774957099999999954e+01
3.614145999999999859e+00	-1.776087499999999864e+01
3.613127800000000001e+00	-1.771565299999999965e+01
3.612222599999999950e+00	-1.771565299999999965e+01
3.611344700000000074e+00	-1.767043200000000169e+01
3.610308299999999804e+00	-1.770434799999999953e+01
3.609182600000000019e+00	-1.773826400000000092e+01
3.608219500000000135e+00	-1.772695900000000080e+01
3.607460300000000064e+00	-1.773826400000000092e+01
3.606716499999999659e+00	-1.774957099999999954e+01
3.605849800000000105e+00	-1.773826400000000092e+01
3.604859300000000211e+00	-1.767043200000000169e+01
3.603819299999999615e+00	-1.765912600000000054e+01
3.602814599999999867e+00	-1.767043200000000169e+01
3.601819099999999718e+00	-1.771565299999999965e+01
3.600789599999999702e+00	-1.773826400000000092e+01
3.599871400000000055e+00	-1.776087499999999864e+01
3.599099000000000270e+00	-1.771565299999999965e+01
3.598193900000000056e+00	-1.769304299999999941e+01
3.597112300000000040e+00	-1.776087499999999864e+01
3.596141400000000043e+00	-1.778348700000000093e+01
3.595289600000000085e+00	-1.774957099999999954e+01
3.594370799999999644e+00	-1.771565299999999965e+01
3.593395800000000140e+00	-1.773826400000000092e+01
3.592374699999999699e+00	-1.781740299999999877e+01
3.591263500000000164e+00	-1.781740299999999877e+01
3.590216899999999711e+00	-1.777217999999999876e+01
3.589350899999999900e+00	-1.765912600000000054e+01
3.588475700000000046e+00	-1.772695900000000080e+01
3.587455700000000025e+00	-1.780609799999999865e+01
3.586425199999999869e+00	-1.776087499999999864e+01
3.585512800000000055e+00	-1.780609799999999865e+01
3.584668300000000141e+00	-1.782870699999999786e+01
3.583773800000000342e+00	-1.784001400000000004e+01
3.582805000000000017e+00	-1.781740299999999877e+01
3.581842700000000157e+00	-1.780609799999999865e+01
3.580925099999999972e+00	-1.773826400000000092e+01
3.580009899999999856e+00	-1.777217999999999876e+01
3.579096500000000347e+00	-1.777217999999999876e+01
3.578200200000000386e+00	-1.779479100000000003e+01
3.577258899999999908e+00	-1.782870699999999786e+01
3.576242299999999652e+00	-1.786262499999999775e+01
3.575224099999999794e+00	-1.782870699999999786e+01
3.574248199999999986e+00	-1.782870699999999786e+01
3.573297399999999957e+00	-1.786262499999999775e+01
3.572394200000000186e+00	-1.785131900000000016e+01
3.571566800000000264e+00	-1.780609799999999865e+01
3.570704600000000006e+00	-1.784001400000000004e+01
3.569642999999999677e+00	-1.785131900000000016e+01
3.568488199999999999e+00	-1.786262499999999775e+01
3.567481400000000136e+00	-1.778348700000000093e+01
3.566517300000000112e+00	-1.779479100000000003e+01
3.565429799999999982e+00	-1.782870699999999786e+01
3.564416099999999865e+00	-1.774957099999999954e+01
3.563618100000000233e+00	-1.776087499999999864e+01
3.562854300000000141e+00	-1.774957099999999954e+01
3.561974800000000219e+00	-1.779479100000000003e+01
3.561011000000000148e+00	-1.781740299999999877e+01
3.560019200000000161e+00	-1.785131900000000016e+01
3.558988999999999958e+00	-1.781740299999999877e+01
3.557921400000000123e+00	-1.777217999999999876e+01
3.556910999999999934e+00	-1.777217999999999876e+01
3.556016500000000136e+00	-1.779479100000000003e+01
3.555179799999999890e+00	-1.779479100000000003e+01
3.554312799999999939e+00	-1.779479100000000003e+01
3.553347100000000314e+00	-1.777217999999999876e+01
3.552306500000000256e+00	-1.777217999999999876e+01
3.551301500000000111e+00	-1.774957099999999954e+01
3.550377399999999906e+00	-1.776087499999999864e+01
3.549472900000000042e+00	-1.776087499999999864e+01
3.548543200000000120e+00	-1.776087499999999864e+01
3.547610000000000152e+00	-1.773826400000000092e+01
3.546642799999999873e+00	-1.777217999999999876e+01
3.545562299999999833e+00	-1.778348700000000093e+01
3.544468399999999964e+00	-1.776087499999999864e+01
3.543571700000000213e+00	-1.774957099999999954e+01
3.542807199999999934e+00	-1.772695900000000080e+01
3.541929800000000128e+00	-1.768173700000000181e+01
3.540943200000000068e+00	-1.777217999999999876e+01
3.539975300000000047e+00	-1.778348700000000093e+01
3.538946700000000334e+00	-1.776087499999999864e+01
3.537762700000000038e+00	-1.778348700000000093e+01
3.536572399999999838e+00	-1.776087499999999864e+01
3.535521300000000089e+00	-1.777217999999999876e+01
3.534576299999999893e+00	-1.781740299999999877e+01
3.533727499999999910e+00	-1.779479100000000003e+01
3.532981099999999763e+00	-1.778348700000000093e+01
3.532195900000000055e+00	-1.777217999999999876e+01
3.531221399999999733e+00	-1.778348700000000093e+01
3.530139600000000044e+00	-1.779479100000000003e+01
3.529114800000000329e+00	-1.772695900000000080e+01
3.528104100000000187e+00	-1.776087499999999864e+01
3.527017999999999986e+00	-1.782870699999999786e+01
3.525951300000000010e+00	-1.785131900000000016e+01
3.524960699999999836e+00	-1.776087499999999864e+01
3.523958399999999713e+00	-1.779479100000000003e+01
3.522957499999999964e+00	-1.785131900000000016e+01
3.522034800000000132e+00	-1.786262499999999775e+01
3.521128999999999731e+00	-1.786262499999999775e+01
3.520133100000000237e+00	-1.784001400000000004e+01
3.519075299999999906e+00	-1.782870699999999786e+01
3.518052799999999980e+00	-1.785131900000000016e+01
3.517047199999999929e+00	-1.785131900000000016e+01
3.515991699999999831e+00	-1.787392999999999788e+01
3.514978999999999854e+00	-1.786262499999999775e+01
3.514137900000000148e+00	-1.786262499999999775e+01
3.513344800000000046e+00	-1.787392999999999788e+01
3.512403300000000339e+00	-1.786262499999999775e+01
3.511388999999999871e+00	-1.787392999999999788e+01
3.510457600000000067e+00	-1.787392999999999788e+01
3.509548199999999785e+00	-1.788523500000000155e+01
3.508532699999999949e+00	-1.790784600000000282e+01
3.507492700000000241e+00	-1.786262499999999775e+01
3.506532699999999725e+00	-1.789654099999999914e+01
3.505517500000000286e+00	-1.785131900000000016e+01
3.504364699999999999e+00	-1.785131900000000016e+01
3.503212800000000016e+00	-1.782870699999999786e+01
3.502201300000000295e+00	-1.784001400000000004e+01
3.501338800000000084e+00	-1.781740299999999877e+01
3.500446399999999958e+00	-1.781740299999999877e+01
3.499381800000000098e+00	-1.782870699999999786e+01
3.498315900000000145e+00	-1.779479100000000003e+01
3.497436400000000223e+00	-1.776087499999999864e+01
3.496642000000000028e+00	-1.779479100000000003e+01
3.495781100000000308e+00	-1.779479100000000003e+01
3.494845900000000061e+00	-1.779479100000000003e+01
3.493877600000000250e+00	-1.786262499999999775e+01
3.492882100000000101e+00	-1.785131900000000016e+01
3.491839200000000254e+00	-1.784001400000000004e+01
3.490764800000000001e+00	-1.794176200000000065e+01
3.489705000000000279e+00	-1.789654099999999914e+01
3.488693399999999833e+00	-1.788523500000000155e+01
3.487716900000000120e+00	-1.782870699999999786e+01
3.486707299999999954e+00	-1.784001400000000004e+01
3.485707099999999947e+00	-1.789654099999999914e+01
3.484808500000000198e+00	-1.791915200000000041e+01
3.483917899999999790e+00	-1.786262499999999775e+01
3.482951600000000258e+00	-1.790784600000000282e+01
3.481937899999999697e+00	-1.791915200000000041e+01
3.480872900000000048e+00	-1.793045700000000053e+01
3.479803400000000213e+00	-1.786262499999999775e+01
3.478779700000000030e+00	-1.780609799999999865e+01
3.477781999999999929e+00	-1.785131900000000016e+01
3.476844499999999893e+00	-1.781740299999999877e+01
3.475997300000000401e+00	-1.789654099999999914e+01
3.475132899999999747e+00	-1.791915200000000041e+01
3.474076699999999907e+00	-1.788523500000000155e+01
3.472876899999999711e+00	-1.787392999999999788e+01
3.471823400000000337e+00	-1.790784600000000282e+01
3.470966699999999960e+00	-1.788523500000000155e+01
3.470098999999999823e+00	-1.786262499999999775e+01
3.469161599999999623e+00	-1.788523500000000155e+01
3.468202100000000065e+00	-1.787392999999999788e+01
3.467241899999999877e+00	-1.787392999999999788e+01
3.466238700000000339e+00	-1.788523500000000155e+01
3.465139100000000028e+00	-1.788523500000000155e+01
3.464049800000000179e+00	-1.788523500000000155e+01
3.463051800000000124e+00	-1.784001400000000004e+01
3.462057999999999858e+00	-1.781740299999999877e+01
3.461048899999999762e+00	-1.784001400000000004e+01
3.460074399999999883e+00	-1.785131900000000016e+01
3.459110300000000304e+00	-1.788523500000000155e+01
3.458167599999999897e+00	-1.788523500000000155e+01
3.457282200000000305e+00	-1.785131900000000016e+01
3.456369800000000048e+00	-1.788523500000000155e+01
3.455366600000000066e+00	-1.788523500000000155e+01
3.454348599999999880e+00	-1.788523500000000155e+01
3.453392299999999970e+00	-1.786262499999999775e+01
3.452465300000000070e+00	-1.787392999999999788e+01
3.451470099999999874e+00	-1.790784600000000282e+01
3.450432399999999955e+00	-1.789654099999999914e+01
3.449475800000000092e+00	-1.788523500000000155e+01
3.448586799999999730e+00	-1.786262499999999775e+01
3.447673599999999894e+00	-1.785131900000000016e+01
3.446699800000000202e+00	-1.789654099999999914e+01
3.445681800000000017e+00	-1.790784600000000282e+01
3.444689600000000240e+00	-1.793045700000000053e+01
3.443720300000000289e+00	-1.790784600000000282e+01
3.442708000000000101e+00	-1.784001400000000004e+01
3.441671900000000228e+00	-1.784001400000000004e+01
3.440601199999999693e+00	-1.785131900000000016e+01
3.439502099999999896e+00	-1.787392999999999788e+01
3.438565500000000164e+00	-1.786262499999999775e+01
3.437802699999999767e+00	-1.785131900000000016e+01
3.436918900000000221e+00	-1.789654099999999914e+01
3.435827699999999929e+00	-1.794176200000000065e+01
3.434721099999999971e+00	-1.781740299999999877e+01
3.433718600000000176e+00	-1.782870699999999786e+01
3.432767000000000124e+00	-1.789654099999999914e+01
3.431741300000000106e+00	-1.785131900000000016e+01
3.430620799999999804e+00	-1.790784600000000282e+01
3.429513299999999987e+00	-1.782870699999999786e+01
3.428479700000000019e+00	-1.789654099999999914e+01
3.427526999999999990e+00	-1.789654099999999914e+01
3.426673199999999753e+00	-1.784001400000000004e+01
3.425809600000000010e+00	-1.782870699999999786e+01
3.424781700000000040e+00	-1.787392999999999788e+01
3.423679099999999753e+00	-1.786262499999999775e+01
3.422653399999999735e+00	-1.786262499999999775e+01
3.421646599999999871e+00	-1.786262499999999775e+01
3.420554300000000048e+00	-1.790784600000000282e+01
3.419437700000000024e+00	-1.790784600000000282e+01
3.418438400000000321e+00	-1.790784600000000282e+01
3.417500699999999725e+00	-1.790784600000000282e+01
3.416472699999999918e+00	-1.790784600000000282e+01
3.415447100000000180e+00	-1.790784600000000282e+01
3.414551200000000009e+00	-1.788523500000000155e+01
3.413633700000000104e+00	-1.794176200000000065e+01
3.412564199999999826e+00	-1.791915200000000041e+01
3.411491900000000133e+00	-1.789654099999999914e+01
3.410522100000000112e+00	-1.794176200000000065e+01
3.409537199999999935e+00	-1.794176200000000065e+01
3.408514199999999938e+00	-1.795306800000000180e+01
3.407539499999999943e+00	-1.797568000000000055e+01
3.406564899999999785e+00	-1.800959600000000194e+01
3.405518099999999659e+00	-1.794176200000000065e+01
3.404397799999999918e+00	-1.791915200000000041e+01
3.403288499999999939e+00	-1.790784600000000282e+01
3.402347599999999694e+00	-1.795306800000000180e+01
3.401507199999999731e+00	-1.796437300000000192e+01
3.400512900000000283e+00	-1.796437300000000192e+01
3.399378299999999964e+00	-1.796437300000000192e+01
3.398285300000000397e+00	-1.793045700000000053e+01
3.397250799999999682e+00	-1.794176200000000065e+01
3.396291699999999913e+00	-1.788523500000000155e+01
3.395446800000000209e+00	-1.793045700000000053e+01
3.394563499999999845e+00	-1.795306800000000180e+01
3.393512100000000142e+00	-1.795306800000000180e+01
3.392377900000000057e+00	-1.800959600000000194e+01
3.391284500000000257e+00	-1.799828899999999976e+01
3.390317699999999768e+00	-1.797568000000000055e+01
3.389455499999999954e+00	-1.797568000000000055e+01
3.388531700000000146e+00	-1.799828899999999976e+01
3.387495299999999876e+00	-1.802090000000000103e+01
3.386435499999999710e+00	-1.796437300000000192e+01
3.385364599999999946e+00	-1.799828899999999976e+01
3.384308199999999989e+00	-1.794176200000000065e+01
3.383321900000000326e+00	-1.802090000000000103e+01
3.382328699999999966e+00	-1.796437300000000192e+01
3.381256200000000156e+00	-1.793045700000000053e+01
3.380184599999999762e+00	-1.797568000000000055e+01
3.379186900000000104e+00	-1.793045700000000053e+01
3.378238300000000027e+00	-1.795306800000000180e+01
3.377290299999999856e+00	-1.794176200000000065e+01
3.376274200000000114e+00	-1.798698399999999964e+01
3.375163000000000135e+00	-1.798698399999999964e+01
3.374039599999999695e+00	-1.798698399999999964e+01
3.372961600000000004e+00	-1.794176200000000065e+01
3.371908600000000256e+00	-1.800959600000000194e+01
3.370898399999999739e+00	-1.799828899999999976e+01
3.369943399999999922e+00	-1.794176200000000065e+01
3.368977100000000391e+00	-1.793045700000000053e+01
3.367970300000000083e+00	-1.795306800000000180e+01
3.366961700000000057e+00	-1.800959600000000194e+01
3.366010600000000075e+00	-1.798698399999999964e+01
3.365140900000000101e+00	-1.802090000000000103e+01
3.364187700000000003e+00	-1.798698399999999964e+01
3.363000800000000012e+00	-1.795306800000000180e+01
3.361764799999999997e+00	-1.800959600000000194e+01
3.360720699999999894e+00	-1.805481800000000092e+01
3.359814400000000312e+00	-1.803220699999999965e+01
3.358854899999999866e+00	-1.806612300000000104e+01
3.357812599999999925e+00	-1.797568000000000055e+01
3.356779400000000191e+00	-1.796437300000000192e+01
3.355769000000000002e+00	-1.796437300000000192e+01
3.354753100000000376e+00	-1.804351199999999977e+01
3.353742599999999907e+00	-1.800959600000000194e+01
3.352754900000000315e+00	-1.804351199999999977e+01
3.351805800000000168e+00	-1.805481800000000092e+01
3.350860899999999809e+00	-1.804351199999999977e+01
3.349837200000000070e+00	-1.804351199999999977e+01
3.348765199999999886e+00	-1.805481800000000092e+01
3.347737200000000080e+00	-1.808873399999999876e+01
3.346708599999999922e+00	-1.810003899999999888e+01
3.345603800000000128e+00	-1.810003899999999888e+01
3.344491699999999845e+00	-1.808873399999999876e+01
3.343479900000000171e+00	-1.804351199999999977e+01
3.342575400000000307e+00	-1.799828899999999976e+01
3.341682700000000228e+00	-1.803220699999999965e+01
3.340695000000000192e+00	-1.805481800000000092e+01
3.339627699999999866e+00	-1.808873399999999876e+01
3.338590400000000180e+00	-1.803220699999999965e+01
3.337584099999999943e+00	-1.804351199999999977e+01
3.336545000000000094e+00	-1.804351199999999977e+01
3.335564300000000149e+00	-1.799828899999999976e+01
3.334732399999999597e+00	-1.802090000000000103e+01
3.333856500000000000e+00	-1.802090000000000103e+01
3.332768800000000198e+00	-1.804351199999999977e+01
3.331636899999999901e+00	-1.804351199999999977e+01
3.330616000000000021e+00	-1.808873399999999876e+01
3.329634599999999889e+00	-1.804351199999999977e+01
3.328597099999999642e+00	-1.796437300000000192e+01
3.327460900000000166e+00	-1.804351199999999977e+01
3.326291100000000167e+00	-1.803220699999999965e+01
3.325254099999999990e+00	-1.804351199999999977e+01
3.324361200000000238e+00	-1.804351199999999977e+01
3.323414099999999927e+00	-1.807742800000000116e+01
3.322309999999999874e+00	-1.805481800000000092e+01
3.321176800000000373e+00	-1.806612300000000104e+01
3.320189500000000127e+00	-1.808873399999999876e+01
3.319351000000000163e+00	-1.805481800000000092e+01
3.318492900000000301e+00	-1.798698399999999964e+01
3.317475099999999788e+00	-1.800959600000000194e+01
3.316333700000000384e+00	-1.800959600000000194e+01
3.315217599999999987e+00	-1.798698399999999964e+01
3.314158200000000054e+00	-1.806612300000000104e+01
3.313048600000000121e+00	-1.808873399999999876e+01
3.311938399999999838e+00	-1.810003899999999888e+01
3.310993199999999970e+00	-1.814526099999999786e+01
3.310123699999999669e+00	-1.811134500000000003e+01
3.309123500000000107e+00	-1.802090000000000103e+01
3.308046899999999901e+00	-1.802090000000000103e+01
3.307034100000000088e+00	-1.800959600000000194e+01
3.306042300000000100e+00	-1.805481800000000092e+01
3.305038500000000212e+00	-1.798698399999999964e+01
3.304074400000000189e+00	-1.798698399999999964e+01
3.303050799999999843e+00	-1.799828899999999976e+01
3.301880000000000148e+00	-1.797568000000000055e+01
3.300745899999999899e+00	-1.799828899999999976e+01
3.299779100000000298e+00	-1.804351199999999977e+01
3.298856400000000022e+00	-1.798698399999999964e+01
3.297917800000000010e+00	-1.805481800000000092e+01
3.296979199999999999e+00	-1.802090000000000103e+01
3.295942900000000009e+00	-1.806612300000000104e+01
3.294819200000000059e+00	-1.807742800000000116e+01
3.293749599999999944e+00	-1.805481800000000092e+01
3.292726399999999831e+00	-1.808873399999999876e+01
3.291664099999999760e+00	-1.800959600000000194e+01
3.290557499999999802e+00	-1.804351199999999977e+01
3.289461299999999699e+00	-1.806612300000000104e+01
3.288434300000000032e+00	-1.808873399999999876e+01
3.287437900000000024e+00	-1.812265000000000015e+01
3.286381299999999950e+00	-1.813395500000000027e+01
3.285295899999999936e+00	-1.808873399999999876e+01
3.284260599999999641e+00	-1.803220699999999965e+01
3.283229899999999812e+00	-1.808873399999999876e+01
3.282189500000000315e+00	-1.808873399999999876e+01
3.281220900000000107e+00	-1.808873399999999876e+01
3.280268200000000078e+00	-1.807742800000000116e+01
3.279220899999999883e+00	-1.800959600000000194e+01
3.278110900000000161e+00	-1.803220699999999965e+01
3.277030100000000168e+00	-1.802090000000000103e+01
3.276047900000000013e+00	-1.807742800000000116e+01
3.275119099999999950e+00	-1.810003899999999888e+01
3.274092000000000002e+00	-1.804351199999999977e+01
3.272958099999999870e+00	-1.805481800000000092e+01
3.271848499999999937e+00	-1.806612300000000104e+01
3.270793999999999979e+00	-1.808873399999999876e+01
3.269725799999999793e+00	-1.806612300000000104e+01
3.268635300000000132e+00	-1.805481800000000092e+01
3.267604799999999976e+00	-1.805481800000000092e+01
3.266628299999999818e+00	-1.810003899999999888e+01
3.265616200000000191e+00	-1.813395500000000027e+01
3.264625800000000133e+00	-1.810003899999999888e+01
3.263704499999999786e+00	-1.806612300000000104e+01
3.262713300000000149e+00	-1.812265000000000015e+01
3.261620799999999765e+00	-1.811134500000000003e+01
3.260569400000000062e+00	-1.812265000000000015e+01
3.259568299999999752e+00	-1.808873399999999876e+01
3.258519900000000025e+00	-1.810003899999999888e+01
3.257443500000000380e+00	-1.814526099999999786e+01
3.256415800000000083e+00	-1.816787300000000016e+01
3.255431900000000045e+00	-1.815656599999999798e+01
3.254445099999999869e+00	-1.811134500000000003e+01
3.253397200000000211e+00	-1.815656599999999798e+01
3.252287099999999764e+00	-1.811134500000000003e+01
3.251261200000000073e+00	-1.810003899999999888e+01
3.250397599999999887e+00	-1.812265000000000015e+01
3.249537699999999862e+00	-1.812265000000000015e+01
3.248499100000000084e+00	-1.815656599999999798e+01
3.247278999999999805e+00	-1.815656599999999798e+01
3.246049300000000137e+00	-1.812265000000000015e+01
3.244980200000000092e+00	-1.815656599999999798e+01
3.244037099999999896e+00	-1.814526099999999786e+01
3.243051200000000023e+00	-1.816787300000000016e+01
3.241976599999999653e+00	-1.815656599999999798e+01
3.240899300000000149e+00	-1.814526099999999786e+01
3.239881599999999917e+00	-1.813395500000000027e+01
3.238955699999999993e+00	-1.808873399999999876e+01
3.238057400000000197e+00	-1.810003899999999888e+01
3.237034399999999756e+00	-1.813395500000000027e+01
3.235913899999999899e+00	-1.814526099999999786e+01
3.234843899999999994e+00	-1.815656599999999798e+01
3.233862099999999629e+00	-1.815656599999999798e+01
3.232923999999999687e+00	-1.810003899999999888e+01
3.231955600000000040e+00	-1.811134500000000003e+01
3.230878099999999975e+00	-1.813395500000000027e+01
3.229692500000000077e+00	-1.812265000000000015e+01
3.228514699999999849e+00	-1.814526099999999786e+01
3.227447500000000247e+00	-1.815656599999999798e+01
3.226463099999999695e+00	-1.811134500000000003e+01
3.225480899999999984e+00	-1.807742800000000116e+01
3.224452299999999827e+00	-1.814526099999999786e+01
3.223340600000000222e+00	-1.817917699999999925e+01
3.222213299999999947e+00	-1.815656599999999798e+01
3.221242199999999833e+00	-1.810003899999999888e+01
3.220370200000000072e+00	-1.816787300000000016e+01
3.219333800000000245e+00	-1.813395500000000027e+01
3.218147899999999950e+00	-1.808873399999999876e+01
3.217086000000000112e+00	-1.811134500000000003e+01
3.216194299999999728e+00	-1.811134500000000003e+01
3.215247500000000258e+00	-1.816787300000000016e+01
3.214155400000000107e+00	-1.815656599999999798e+01
3.213051099999999938e+00	-1.816787300000000016e+01
3.212002400000000257e+00	-1.810003899999999888e+01
3.210964699999999894e+00	-1.812265000000000015e+01
3.209934399999999854e+00	-1.810003899999999888e+01
3.208932400000000129e+00	-1.810003899999999888e+01
3.207920400000000338e+00	-1.812265000000000015e+01
3.206863999999999937e+00	-1.817917699999999925e+01
3.205793700000000079e+00	-1.815656599999999798e+01
3.204709600000000158e+00	-1.810003899999999888e+01
3.203563900000000242e+00	-1.817917699999999925e+01
3.202381299999999875e+00	-1.821309300000000064e+01
3.201267599999999991e+00	-1.815656599999999798e+01
3.200281799999999954e+00	-1.815656599999999798e+01
3.199364300000000050e+00	-1.815656599999999798e+01
3.198416799999999949e+00	-1.815656599999999798e+01
3.197382699999999911e+00	-1.815656599999999798e+01
3.196256800000000009e+00	-1.816787300000000016e+01
3.195113500000000162e+00	-1.815656599999999798e+01
3.194034400000000051e+00	-1.811134500000000003e+01
3.192982100000000045e+00	-1.808873399999999876e+01
3.191917399999999905e+00	-1.807742800000000116e+01
3.190884899999999913e+00	-1.810003899999999888e+01
3.189873500000000028e+00	-1.807742800000000116e+01
3.188869900000000257e+00	-1.812265000000000015e+01
3.187916500000000042e+00	-1.812265000000000015e+01
3.186910600000000038e+00	-1.804351199999999977e+01
3.185738000000000181e+00	-1.804351199999999977e+01
3.184572500000000250e+00	-1.807742800000000116e+01
3.183605299999999971e+00	-1.813395500000000027e+01
3.182706700000000222e+00	-1.816787300000000016e+01
3.181651200000000124e+00	-1.815656599999999798e+01
3.180436599999999725e+00	-1.814526099999999786e+01
3.179241699999999948e+00	-1.813395500000000027e+01
3.178180400000000017e+00	-1.816787300000000016e+01
3.177197599999999955e+00	-1.815656599999999798e+01
3.176228099999999888e+00	-1.812265000000000015e+01
3.175261799999999912e+00	-1.815656599999999798e+01
3.174233799999999661e+00	-1.814526099999999786e+01
3.173080099999999959e+00	-1.816787300000000016e+01
3.171909600000000218e+00	-1.815656599999999798e+01
3.170898300000000170e+00	-1.817917699999999925e+01
3.169976699999999870e+00	-1.821309300000000064e+01
3.168896499999999783e+00	-1.815656599999999798e+01
3.167640399999999801e+00	-1.816787300000000016e+01
3.166468599999999967e+00	-1.819048199999999937e+01
3.165522700000000356e+00	-1.817917699999999925e+01
3.164631400000000205e+00	-1.820178899999999800e+01
3.163596400000000308e+00	-1.821309300000000064e+01
3.162452899999999900e+00	-1.819048199999999937e+01
3.161352699999999682e+00	-1.821309300000000064e+01
3.160339200000000126e+00	-1.814526099999999786e+01
3.159332899999999889e+00	-1.819048199999999937e+01
3.158315800000000007e+00	-1.815656599999999798e+01
3.157315400000000327e+00	-1.819048199999999937e+01
3.156224200000000035e+00	-1.816787300000000016e+01
3.154994100000000135e+00	-1.822439999999999927e+01
3.153801999999999772e+00	-1.822439999999999927e+01
3.152760699999999972e+00	-1.820178899999999800e+01
3.151775199999999888e+00	-1.821309300000000064e+01
3.150753200000000032e+00	-1.815656599999999798e+01
3.149699299999999980e+00	-1.816787300000000016e+01
3.148614000000000246e+00	-1.819048199999999937e+01
3.147493300000000271e+00	-1.820178899999999800e+01
3.146389600000000009e+00	-1.822439999999999927e+01
3.145377799999999890e+00	-1.830353600000000114e+01
3.144495399999999830e+00	-1.820178899999999800e+01
3.143605500000000053e+00	-1.819048199999999937e+01
3.142544299999999957e+00	-1.826961999999999975e+01
3.141437900000000116e+00	-1.825831599999999710e+01
3.140435000000000088e+00	-1.819048199999999937e+01
3.139450700000000261e+00	-1.822439999999999927e+01
3.138393799999999789e+00	-1.822439999999999927e+01
3.137283299999999997e+00	-1.822439999999999927e+01
3.136209200000000141e+00	-1.821309300000000064e+01
3.135207399999999645e+00	-1.820178899999999800e+01
3.134205600000000036e+00	-1.817917699999999925e+01
3.133139200000000013e+00	-1.820178899999999800e+01
3.131989599999999818e+00	-1.820178899999999800e+01
3.130840699999999810e+00	-1.820178899999999800e+01
3.129849300000000056e+00	-1.820178899999999800e+01
3.128955100000000211e+00	-1.824700900000000203e+01
3.127946200000000232e+00	-1.822439999999999927e+01
3.126819400000000027e+00	-1.822439999999999927e+01
3.125707299999999744e+00	-1.821309300000000064e+01
3.124643199999999954e+00	-1.823570499999999939e+01
3.123558099999999893e+00	-1.821309300000000064e+01
3.122399900000000006e+00	-1.824700900000000203e+01
3.121258000000000088e+00	-1.826961999999999975e+01
3.120211700000000032e+00	-1.825831599999999710e+01
3.119170299999999951e+00	-1.822439999999999927e+01
3.118110999999999855e+00	-1.822439999999999927e+01
3.117119800000000218e+00	-1.824700900000000203e+01
3.116102599999999612e+00	-1.820178899999999800e+01
3.114918199999999970e+00	-1.823570499999999939e+01
3.113694199999999856e+00	-1.822439999999999927e+01
3.112655600000000078e+00	-1.817917699999999925e+01
3.111785599999999707e+00	-1.825831599999999710e+01
3.110858900000000204e+00	-1.821309300000000064e+01
3.109775400000000189e+00	-1.819048199999999937e+01
3.108640600000000198e+00	-1.823570499999999939e+01
3.107505999999999879e+00	-1.814526099999999786e+01
3.106347799999999992e+00	-1.815656599999999798e+01
3.105235500000000037e+00	-1.816787300000000016e+01
3.104196799999999978e+00	-1.815656599999999798e+01
3.103096300000000252e+00	-1.817917699999999925e+01
3.101884699999999828e+00	-1.819048199999999937e+01
3.100737300000000030e+00	-1.816787300000000016e+01
3.099768000000000079e+00	-1.820178899999999800e+01
3.098836700000000111e+00	-1.819048199999999937e+01
3.097776199999999758e+00	-1.813395500000000027e+01
3.096640700000000024e+00	-1.820178899999999800e+01
3.095609800000000078e+00	-1.816787300000000016e+01
3.094725800000000415e+00	-1.816787300000000016e+01
3.093798599999999954e+00	-1.817917699999999925e+01
3.092671200000000287e+00	-1.815656599999999798e+01
3.091467999999999883e+00	-1.817917699999999925e+01
3.090368000000000226e+00	-1.822439999999999927e+01
3.089350200000000157e+00	-1.821309300000000064e+01
3.088328399999999974e+00	-1.817917699999999925e+01
3.087274800000000319e+00	-1.817917699999999925e+01
3.086136499999999838e+00	-1.822439999999999927e+01
3.084916200000000330e+00	-1.823570499999999939e+01
3.083766799999999808e+00	-1.826961999999999975e+01
3.082790000000000141e+00	-1.821309300000000064e+01
3.081868700000000239e+00	-1.825831599999999710e+01
3.080848000000000031e+00	-1.822439999999999927e+01
3.079747800000000257e+00	-1.823570499999999939e+01
3.078650000000000109e+00	-1.822439999999999927e+01
3.077521100000000231e+00	-1.821309300000000064e+01
3.076338999999999935e+00	-1.821309300000000064e+01
3.075231199999999721e+00	-1.817917699999999925e+01
3.074271700000000163e+00	-1.821309300000000064e+01
3.073326300000000177e+00	-1.820178899999999800e+01
3.072245600000000021e+00	-1.820178899999999800e+01
3.071074800000000327e+00	-1.819048199999999937e+01
3.069963900000000301e+00	-1.824700900000000203e+01
3.068917499999999965e+00	-1.824700900000000203e+01
3.067863000000000007e+00	-1.824700900000000203e+01
3.066824800000000018e+00	-1.825831599999999710e+01
3.065813899999999759e+00	-1.821309300000000064e+01
3.064775699999999770e+00	-1.822439999999999927e+01
3.063686600000000038e+00	-1.819048199999999937e+01
3.062556499999999904e+00	-1.820178899999999800e+01
3.061430600000000002e+00	-1.823570499999999939e+01
3.060363299999999676e+00	-1.819048199999999937e+01
3.059334400000000009e+00	-1.821309300000000064e+01
3.058314399999999988e+00	-1.820178899999999800e+01
3.057341899999999946e+00	-1.821309300000000064e+01
3.056381700000000201e+00	-1.822439999999999927e+01
3.055284400000000122e+00	-1.816787300000000016e+01
3.054040200000000205e+00	-1.817917699999999925e+01
3.052881499999999804e+00	-1.822439999999999927e+01
3.051941799999999816e+00	-1.822439999999999927e+01
3.051031400000000282e+00	-1.819048199999999937e+01
3.049957099999999866e+00	-1.817917699999999925e+01
3.048777199999999965e+00	-1.816787300000000016e+01
3.047662199999999988e+00	-1.815656599999999798e+01
3.046742699999999804e+00	-1.821309300000000064e+01
3.045959600000000211e+00	-1.820178899999999800e+01
3.045017099999999921e+00	-1.821309300000000064e+01
3.043744499999999853e+00	-1.817917699999999925e+01
3.042336399999999941e+00	-1.815656599999999798e+01
3.041056299999999712e+00	-1.816787300000000016e+01
3.039983099999999716e+00	-1.816787300000000016e+01
3.039074700000000018e+00	-1.819048199999999937e+01
3.038224299999999989e+00	-1.822439999999999927e+01
3.037265300000000057e+00	-1.823570499999999939e+01
3.036098899999999823e+00	-1.820178899999999800e+01
3.034873800000000177e+00	-1.819048199999999937e+01
3.033776500000000098e+00	-1.821309300000000064e+01
3.032762400000000191e+00	-1.821309300000000064e+01
3.031765299999999996e+00	-1.824700900000000203e+01
3.030790999999999791e+00	-1.826961999999999975e+01
3.029757399999999823e+00	-1.830353600000000114e+01
3.028621900000000089e+00	-1.824700900000000203e+01
3.027474600000000127e+00	-1.828092699999999837e+01
3.026355200000000245e+00	-1.824700900000000203e+01
3.025233099999999897e+00	-1.825831599999999710e+01
3.024127200000000126e+00	-1.825831599999999710e+01
3.023037600000000324e+00	-1.831484299999999976e+01
3.021904399999999935e+00	-1.824700900000000203e+01
3.020735199999999843e+00	-1.828092699999999837e+01
3.019638399999999834e+00	-1.825831599999999710e+01
3.018638799999999733e+00	-1.823570499999999939e+01
3.017587199999999914e+00	-1.824700900000000203e+01
3.016458300000000037e+00	-1.825831599999999710e+01
3.015401300000000173e+00	-1.824700900000000203e+01
3.014411700000000138e+00	-1.825831599999999710e+01
3.013363299999999967e+00	-1.829223200000000205e+01
3.012253299999999800e+00	-1.819048199999999937e+01
3.011158500000000071e+00	-1.819048199999999937e+01
3.010050899999999974e+00	-1.824700900000000203e+01
3.008868099999999934e+00	-1.825831599999999710e+01
3.007726300000000297e+00	-1.820178899999999800e+01
3.006707899999999878e+00	-1.825831599999999710e+01
3.005673100000000098e+00	-1.822439999999999927e+01
3.004609899999999723e+00	-1.821309300000000064e+01
3.003584900000000335e+00	-1.821309300000000064e+01
3.002460300000000082e+00	-1.826961999999999975e+01
3.001244100000000081e+00	-1.828092699999999837e+01
3.000145199999999956e+00	-1.821309300000000064e+01
2.999149300000000018e+00	-1.820178899999999800e+01
2.998123600000000000e+00	-1.823570499999999939e+01
2.997078799999999710e+00	-1.822439999999999927e+01
2.996032699999999771e+00	-1.819048199999999937e+01
2.994913299999999889e+00	-1.821309300000000064e+01
2.993714100000000045e+00	-1.820178899999999800e+01
2.992534500000000097e+00	-1.819048199999999937e+01
2.991438999999999737e+00	-1.823570499999999939e+01
2.990389700000000150e+00	-1.817917699999999925e+01
2.989294899999999977e+00	-1.817917699999999925e+01
2.988133899999999787e+00	-1.820178899999999800e+01
2.986977500000000063e+00	-1.826961999999999975e+01
2.985904300000000067e+00	-1.821309300000000064e+01
2.984931399999999790e+00	-1.819048199999999937e+01
2.983969399999999883e+00	-1.824700900000000203e+01
2.982900200000000002e+00	-1.824700900000000203e+01
2.981692400000000021e+00	-1.823570499999999939e+01
2.980453499999999867e+00	-1.821309300000000064e+01
2.979337799999999703e+00	-1.823570499999999939e+01
2.978327999999999864e+00	-1.823570499999999939e+01
2.977298199999999895e+00	-1.822439999999999927e+01
2.976220700000000274e+00	-1.823570499999999939e+01
2.975108099999999922e+00	-1.822439999999999927e+01
2.973997699999999966e+00	-1.819048199999999937e+01
2.973006300000000213e+00	-1.823570499999999939e+01
2.972113199999999900e+00	-1.822439999999999927e+01
2.971098200000000134e+00	-1.820178899999999800e+01
2.969909200000000027e+00	-1.822439999999999927e+01
2.968764900000000040e+00	-1.820178899999999800e+01
2.967735799999999813e+00	-1.817917699999999925e+01
2.966632999999999853e+00	-1.816787300000000016e+01
2.965443399999999841e+00	-1.815656599999999798e+01
2.964337499999999626e+00	-1.816787300000000016e+01
2.963297900000000151e+00	-1.819048199999999937e+01
2.962221100000000273e+00	-1.816787300000000016e+01
2.961124199999999984e+00	-1.824700900000000203e+01
2.960049200000000269e+00	-1.821309300000000064e+01
2.958962800000000115e+00	-1.820178899999999800e+01
2.957822699999999916e+00	-1.826961999999999975e+01
2.956716999999999818e+00	-1.830353600000000114e+01
2.955729999999999968e+00	-1.825831599999999710e+01
2.954706999999999972e+00	-1.829223200000000205e+01
2.953466699999999889e+00	-1.829223200000000205e+01
2.952115699999999787e+00	-1.828092699999999837e+01
2.950931000000000193e+00	-1.823570499999999939e+01
2.949971300000000074e+00	-1.821309300000000064e+01
2.949019499999999905e+00	-1.825831599999999710e+01
2.947966500000000156e+00	-1.826961999999999975e+01
2.946897199999999994e+00	-1.824700900000000203e+01
2.945842400000000083e+00	-1.822439999999999927e+01
2.944774200000000342e+00	-1.825831599999999710e+01
2.943664399999999848e+00	-1.826961999999999975e+01
2.942489099999999969e+00	-1.824700900000000203e+01
2.941308099999999648e+00	-1.824700900000000203e+01
2.940215600000000151e+00	-1.824700900000000203e+01
2.939205399999999635e+00	-1.824700900000000203e+01
2.938184899999999988e+00	-1.825831599999999710e+01
2.937108299999999783e+00	-1.823570499999999939e+01
2.935953899999999894e+00	-1.822439999999999927e+01
2.934706100000000095e+00	-1.825831599999999710e+01
2.933519200000000104e+00	-1.826961999999999975e+01
2.932518099999999794e+00	-1.824700900000000203e+01
2.931567000000000256e+00	-1.824700900000000203e+01
2.930568599999999968e+00	-1.823570499999999939e+01
2.929514299999999682e+00	-1.826961999999999975e+01
2.928353800000000007e+00	-1.830353600000000114e+01
2.927196400000000143e+00	-1.832614799999999988e+01
2.926191900000000068e+00	-1.823570499999999939e+01
2.925239400000000156e+00	-1.820178899999999800e+01
2.924171400000000087e+00	-1.824700900000000203e+01
2.922957299999999758e+00	-1.828092699999999837e+01
2.921683500000000322e+00	-1.824700900000000203e+01
2.920490699999999773e+00	-1.826961999999999975e+01
2.919458200000000225e+00	-1.825831599999999710e+01
2.918515300000000146e+00	-1.822439999999999927e+01
2.917491699999999799e+00	-1.826961999999999975e+01
2.916326999999999892e+00	-1.825831599999999710e+01
2.915159500000000126e+00	-1.828092699999999837e+01
2.914078299999999899e+00	-1.830353600000000114e+01
2.913030099999999845e+00	-1.825831599999999710e+01
2.911983999999999906e+00	-1.826961999999999975e+01
2.910904200000000053e+00	-1.829223200000000205e+01
2.909760299999999855e+00	-1.832614799999999988e+01
2.908643599999999996e+00	-1.828092699999999837e+01
2.907638200000000062e+00	-1.824700900000000203e+01
2.906666899999999831e+00	-1.825831599999999710e+01
2.905562699999999943e+00	-1.824700900000000203e+01
2.904301000000000244e+00	-1.829223200000000205e+01
2.903033900000000056e+00	-1.829223200000000205e+01
2.901851100000000017e+00	-1.826961999999999975e+01
2.900778299999999810e+00	-1.825831599999999710e+01
2.899801500000000143e+00	-1.828092699999999837e+01
2.898785600000000073e+00	-1.826961999999999975e+01
2.897668299999999864e+00	-1.829223200000000205e+01
2.896521700000000088e+00	-1.828092699999999837e+01
2.895382300000000075e+00	-1.829223200000000205e+01
2.894240700000000110e+00	-1.829223200000000205e+01
2.893067199999999950e+00	-1.831484299999999976e+01
2.891870299999999894e+00	-1.833745400000000103e+01
2.890769300000000097e+00	-1.829223200000000205e+01
2.889852100000000146e+00	-1.825831599999999710e+01
2.888937600000000216e+00	-1.830353600000000114e+01
2.887757799999999708e+00	-1.832614799999999988e+01
2.886430999999999969e+00	-1.830353600000000114e+01
2.885288699999999817e+00	-1.829223200000000205e+01
2.884277099999999816e+00	-1.832614799999999988e+01
2.883152799999999960e+00	-1.831484299999999976e+01
2.881997300000000095e+00	-1.828092699999999837e+01
2.880969100000000171e+00	-1.825831599999999710e+01
2.879970000000000141e+00	-1.828092699999999837e+01
2.878861800000000137e+00	-1.828092699999999837e+01
2.877671900000000171e+00	-1.825831599999999710e+01
2.876516000000000073e+00	-1.828092699999999837e+01
2.875469799999999854e+00	-1.828092699999999837e+01
2.874473500000000126e+00	-1.821309300000000064e+01
2.873380299999999998e+00	-1.817917699999999925e+01
2.872150200000000098e+00	-1.824700900000000203e+01
2.870944600000000069e+00	-1.829223200000000205e+01
2.869894600000000295e+00	-1.828092699999999837e+01
2.868887799999999988e+00	-1.824700900000000203e+01
2.867795500000000164e+00	-1.824700900000000203e+01
2.866655900000000035e+00	-1.822439999999999927e+01
2.865496100000000101e+00	-1.824700900000000203e+01
2.864272600000000057e+00	-1.824700900000000203e+01
2.863052900000000012e+00	-1.825831599999999710e+01
2.861985400000000013e+00	-1.824700900000000203e+01
2.861044999999999838e+00	-1.824700900000000203e+01
2.860059300000000082e+00	-1.826961999999999975e+01
2.858961399999999653e+00	-1.829223200000000205e+01
2.857823299999999733e+00	-1.826961999999999975e+01
2.856692799999999810e+00	-1.825831599999999710e+01
2.855555500000000357e+00	-1.826961999999999975e+01
2.854445500000000191e+00	-1.828092699999999837e+01
2.853369999999999962e+00	-1.825831599999999710e+01
2.852222000000000257e+00	-1.829223200000000205e+01
2.851025099999999757e+00	-1.831484299999999976e+01
2.849994399999999928e+00	-1.832614799999999988e+01
2.849085399999999879e+00	-1.828092699999999837e+01
2.847962199999999999e+00	-1.824700900000000203e+01
2.846595399999999998e+00	-1.829223200000000205e+01
2.845294099999999826e+00	-1.826961999999999975e+01
2.844213199999999997e+00	-1.821309300000000064e+01
2.843258500000000133e+00	-1.825831599999999710e+01
2.842273700000000236e+00	-1.826961999999999975e+01
2.841229199999999899e+00	-1.828092699999999837e+01
2.840215099999999993e+00	-1.830353600000000114e+01
2.839200099999999782e+00	-1.829223200000000205e+01
2.838111899999999910e+00	-1.822439999999999927e+01
2.837024300000000387e+00	-1.817917699999999925e+01
2.835960899999999896e+00	-1.821309300000000064e+01
2.834829000000000043e+00	-1.823570499999999939e+01
2.833623999999999921e+00	-1.829223200000000205e+01
2.832442100000000185e+00	-1.832614799999999988e+01
2.831354300000000102e+00	-1.833745400000000103e+01
2.830313199999999973e+00	-1.826961999999999975e+01
2.829223400000000055e+00	-1.831484299999999976e+01
2.828110399999999913e+00	-1.831484299999999976e+01
2.827030999999999850e+00	-1.828092699999999837e+01
2.825923300000000360e+00	-1.824700900000000203e+01
2.824696100000000154e+00	-1.833745400000000103e+01
2.823396900000000098e+00	-1.830353600000000114e+01
2.822254800000000063e+00	-1.830353600000000114e+01
2.821343999999999852e+00	-1.831484299999999976e+01
2.820395800000000008e+00	-1.832614799999999988e+01
2.819252399999999881e+00	-1.825831599999999710e+01
2.818036600000000114e+00	-1.829223200000000205e+01
2.816871099999999739e+00	-1.831484299999999976e+01
2.815798100000000304e+00	-1.829223200000000205e+01
2.814764700000000008e+00	-1.833745400000000103e+01
2.813636000000000248e+00	-1.834875900000000115e+01
2.812416799999999828e+00	-1.833745400000000103e+01
2.811284699999999859e+00	-1.830353600000000114e+01
2.810256799999999888e+00	-1.831484299999999976e+01
2.809166700000000017e+00	-1.825831599999999710e+01
2.808029200000000003e+00	-1.823570499999999939e+01
2.806978299999999926e+00	-1.825831599999999710e+01
2.805961200000000044e+00	-1.825831599999999710e+01
2.804860300000000084e+00	-1.824700900000000203e+01
2.803684500000000135e+00	-1.828092699999999837e+01
2.802464499999999692e+00	-1.828092699999999837e+01
2.801199299999999948e+00	-1.830353600000000114e+01
2.799992899999999896e+00	-1.831484299999999976e+01
2.798992199999999819e+00	-1.831484299999999976e+01
2.798065500000000316e+00	-1.833745400000000103e+01
2.796936299999999598e+00	-1.831484299999999976e+01
2.795648899999999770e+00	-1.833745400000000103e+01
2.794448400000000277e+00	-1.834875900000000115e+01
2.793410699999999913e+00	-1.831484299999999976e+01
2.792405700000000213e+00	-1.836006500000000230e+01
2.791249699999999834e+00	-1.833745400000000103e+01
2.789946399999999826e+00	-1.828092699999999837e+01
2.788679899999999989e+00	-1.831484299999999976e+01
2.787543499999999952e+00	-1.834875900000000115e+01
2.786493500000000179e+00	-1.829223200000000205e+01
2.785488500000000034e+00	-1.824700900000000203e+01
2.784474400000000127e+00	-1.830353600000000114e+01
2.783351600000000037e+00	-1.830353600000000114e+01
2.782138400000000011e+00	-1.826961999999999975e+01
2.780965399999999921e+00	-1.825831599999999710e+01
2.779844600000000110e+00	-1.826961999999999975e+01
2.778730000000000366e+00	-1.831484299999999976e+01
2.777652799999999811e+00	-1.825831599999999710e+01
2.776608200000000082e+00	-1.823570499999999939e+01
2.775541800000000059e+00	-1.830353600000000114e+01
2.774457700000000138e+00	-1.824700900000000203e+01
2.773365399999999870e+00	-1.831484299999999976e+01
2.772225300000000114e+00	-1.825831599999999710e+01
2.771062600000000042e+00	-1.826961999999999975e+01
2.769963900000000034e+00	-1.828092699999999837e+01
2.768903000000000336e+00	-1.831484299999999976e+01
2.767785599999999846e+00	-1.828092699999999837e+01
2.766589399999999976e+00	-1.829223200000000205e+01
2.765385000000000204e+00	-1.832614799999999988e+01
2.764309099999999741e+00	-1.832614799999999988e+01
2.763338700000000259e+00	-1.830353600000000114e+01
2.762259600000000148e+00	-1.828092699999999837e+01
2.761025099999999899e+00	-1.830353600000000114e+01
2.759787999999999908e+00	-1.830353600000000114e+01
2.758666599999999747e+00	-1.833745400000000103e+01
2.757682299999999920e+00	-1.834875900000000115e+01
2.756716599999999850e+00	-1.833745400000000103e+01
2.755546100000000109e+00	-1.830353600000000114e+01
2.754150999999999794e+00	-1.829223200000000205e+01
2.752854500000000204e+00	-1.831484299999999976e+01
2.751833799999999997e+00	-1.840528600000000026e+01
2.750858800000000048e+00	-1.837136999999999887e+01
2.749775799999999659e+00	-1.834875900000000115e+01
2.748650099999999874e+00	-1.834875900000000115e+01
2.747461599999999837e+00	-1.837136999999999887e+01
2.746174200000000010e+00	-1.831484299999999976e+01
2.744922300000000259e+00	-1.836006500000000230e+01
2.743859599999999954e+00	-1.833745400000000103e+01
2.742887300000000028e+00	-1.834875900000000115e+01
2.741818199999999983e+00	-1.834875900000000115e+01
2.740713200000000072e+00	-1.834875900000000115e+01
2.739682499999999798e+00	-1.833745400000000103e+01
2.738654100000000202e+00	-1.833745400000000103e+01
2.737532199999999971e+00	-1.831484299999999976e+01
2.736309400000000114e+00	-1.829223200000000205e+01
2.735080200000000072e+00	-1.834875900000000115e+01
2.733955200000000030e+00	-1.831484299999999976e+01
2.732856299999999905e+00	-1.837136999999999887e+01
2.731650300000000087e+00	-1.843920199999999809e+01
2.730452300000000054e+00	-1.838267499999999899e+01
2.729406599999999905e+00	-1.832614799999999988e+01
2.728401300000000251e+00	-1.838267499999999899e+01
2.727272200000000257e+00	-1.839398100000000014e+01
2.726042099999999913e+00	-1.842789700000000153e+01
2.724844299999999997e+00	-1.839398100000000014e+01
2.723726099999999928e+00	-1.831484299999999976e+01
2.722640600000000077e+00	-1.831484299999999976e+01
2.721532800000000307e+00	-1.839398100000000014e+01
2.720400099999999988e+00	-1.842789700000000153e+01
2.719312299999999905e+00	-1.838267499999999899e+01
2.718300900000000020e+00	-1.836006500000000230e+01
2.717329200000000000e+00	-1.839398100000000014e+01
2.716296399999999611e+00	-1.834875900000000115e+01
2.715064499999999992e+00	-1.840528600000000026e+01
2.713680300000000045e+00	-1.836006500000000230e+01
2.712380599999999919e+00	-1.838267499999999899e+01
2.711282100000000028e+00	-1.845050900000000027e+01
2.710278699999999930e+00	-1.840528600000000026e+01
2.709186400000000106e+00	-1.834875900000000115e+01
2.707932299999999959e+00	-1.834875900000000115e+01
2.706703999999999777e+00	-1.834875900000000115e+01
2.705697900000000100e+00	-1.838267499999999899e+01
2.704725400000000057e+00	-1.836006500000000230e+01
2.703516200000000147e+00	-1.832614799999999988e+01
2.702199300000000193e+00	-1.830353600000000114e+01
2.701011900000000132e+00	-1.832614799999999988e+01
2.699935499999999600e+00	-1.837136999999999887e+01
2.698889100000000152e+00	-1.833745400000000103e+01
2.697886399999999796e+00	-1.833745400000000103e+01
2.696884600000000187e+00	-1.833745400000000103e+01
2.695726200000000183e+00	-1.836006500000000230e+01
2.694380099999999612e+00	-1.830353600000000114e+01
2.693051599999999990e+00	-1.832614799999999988e+01
2.691925799999999924e+00	-1.837136999999999887e+01
2.690975200000000012e+00	-1.834875900000000115e+01
2.690045900000000323e+00	-1.830353600000000114e+01
2.688992499999999897e+00	-1.832614799999999988e+01
2.687744700000000098e+00	-1.838267499999999899e+01
2.686435900000000210e+00	-1.837136999999999887e+01
2.685294000000000292e+00	-1.832614799999999988e+01
2.684232600000000080e+00	-1.828092699999999837e+01
2.683021899999999960e+00	-1.836006500000000230e+01
2.681746100000000244e+00	-1.839398100000000014e+01
2.680580299999999916e+00	-1.837136999999999887e+01
2.679512400000000127e+00	-1.837136999999999887e+01
2.678465500000000166e+00	-1.838267499999999899e+01
2.677348199999999956e+00	-1.834875900000000115e+01
2.676145900000000299e+00	-1.831484299999999976e+01
2.674966700000000142e+00	-1.838267499999999899e+01
2.673859900000000067e+00	-1.838267499999999899e+01
2.672794600000000020e+00	-1.840528600000000026e+01
2.671719399999999744e+00	-1.838267499999999899e+01
2.670537500000000009e+00	-1.838267499999999899e+01
2.669226399999999888e+00	-1.832614799999999988e+01
2.667943100000000012e+00	-1.834875900000000115e+01
2.666867700000000063e+00	-1.833745400000000103e+01
2.665959500000000038e+00	-1.837136999999999887e+01
2.665030900000000091e+00	-1.839398100000000014e+01
2.663996800000000054e+00	-1.833745400000000103e+01
2.662872199999999800e+00	-1.840528600000000026e+01
2.661680399999999835e+00	-1.837136999999999887e+01
2.660487100000000105e+00	-1.845050900000000027e+01
2.659320399999999918e+00	-1.842789700000000153e+01
2.658102200000000082e+00	-1.839398100000000014e+01
2.656875499999999946e+00	-1.836006500000000230e+01
2.655806399999999901e+00	-1.837136999999999887e+01
2.654859099999999916e+00	-1.837136999999999887e+01
2.653803200000000029e+00	-1.832614799999999988e+01
2.652520399999999778e+00	-1.834875900000000115e+01
2.651154100000000291e+00	-1.839398100000000014e+01
2.649955599999999745e+00	-1.836006500000000230e+01
2.648980900000000194e+00	-1.845050900000000027e+01
2.648019300000000076e+00	-1.841659300000000243e+01
2.646844900000000056e+00	-1.834875900000000115e+01
2.645526999999999962e+00	-1.831484299999999976e+01
2.644349000000000061e+00	-1.836006500000000230e+01
2.643344899999999775e+00	-1.838267499999999899e+01
2.642294699999999885e+00	-1.837136999999999887e+01
2.641183799999999859e+00	-1.840528600000000026e+01
2.640099000000000196e+00	-1.845050900000000027e+01
2.638943400000000050e+00	-1.842789700000000153e+01
2.637673799999999957e+00	-1.843920199999999809e+01
2.636387800000000059e+00	-1.845050900000000027e+01
2.635187500000000238e+00	-1.842789700000000153e+01
2.634137900000000254e+00	-1.843920199999999809e+01
2.633117899999999789e+00	-1.843920199999999809e+01
2.631957400000000113e+00	-1.841659300000000243e+01
2.630728899999999815e+00	-1.845050900000000027e+01
2.629572500000000090e+00	-1.840528600000000026e+01
2.628458799999999762e+00	-1.841659300000000243e+01
2.627316900000000288e+00	-1.839398100000000014e+01
2.626195099999999893e+00	-1.840528600000000026e+01
2.625070000000000014e+00	-1.839398100000000014e+01
2.623783099999999813e+00	-1.832614799999999988e+01
2.622447900000000054e+00	-1.837136999999999887e+01
2.621356099999999856e+00	-1.840528600000000026e+01
2.620404100000000014e+00	-1.841659300000000243e+01
2.619304300000000030e+00	-1.840528600000000026e+01
2.618084199999999750e+00	-1.843920199999999809e+01
2.616868200000000311e+00	-1.839398100000000014e+01
2.615684900000000201e+00	-1.834875900000000115e+01
2.614593300000000120e+00	-1.837136999999999887e+01
2.613577599999999723e+00	-1.838267499999999899e+01
2.612486199999999759e+00	-1.840528600000000026e+01
2.611303399999999719e+00	-1.832614799999999988e+01
2.610239799999999999e+00	-1.839398100000000014e+01
2.609289799999999993e+00	-1.843920199999999809e+01
2.608113800000000371e+00	-1.841659300000000243e+01
2.606678700000000237e+00	-1.843920199999999809e+01
2.605363800000000118e+00	-1.842789700000000153e+01
2.604312199999999855e+00	-1.841659300000000243e+01
2.603308300000000131e+00	-1.838267499999999899e+01
2.602168900000000118e+00	-1.838267499999999899e+01
2.600906999999999858e+00	-1.834875900000000115e+01
2.599653700000000178e+00	-1.838267499999999899e+01
2.598504399999999936e+00	-1.838267499999999899e+01
2.597433399999999892e+00	-1.842789700000000153e+01
2.596354100000000109e+00	-1.843920199999999809e+01
2.595248100000000058e+00	-1.849572899999999720e+01
2.594185400000000197e+00	-1.841659300000000243e+01
2.593139499999999931e+00	-1.839398100000000014e+01
2.591981199999999763e+00	-1.842789700000000153e+01
2.590721999999999969e+00	-1.843920199999999809e+01
2.589497600000000066e+00	-1.843920199999999809e+01
2.588382100000000019e+00	-1.845050900000000027e+01
2.587358899999999906e+00	-1.840528600000000026e+01
2.586285500000000237e+00	-1.843920199999999809e+01
2.585028400000000115e+00	-1.847312000000000154e+01
2.583721900000000016e+00	-1.842789700000000153e+01
2.582570200000000149e+00	-1.843920199999999809e+01
2.581528000000000045e+00	-1.843920199999999809e+01
2.580426099999999945e+00	-1.848442499999999811e+01
2.579256500000000063e+00	-1.848442499999999811e+01
2.578124199999999977e+00	-1.845050900000000027e+01
2.576999800000000285e+00	-1.846181299999999936e+01
2.575806299999999993e+00	-1.846181299999999936e+01
2.574604200000000009e+00	-1.846181299999999936e+01
2.573465300000000067e+00	-1.841659300000000243e+01
2.572382299999999677e+00	-1.838267499999999899e+01
2.571270699999999909e+00	-1.838267499999999899e+01
2.570026900000000225e+00	-1.846181299999999936e+01
2.568749099999999785e+00	-1.840528600000000026e+01
2.567602500000000010e+00	-1.838267499999999899e+01
2.566521300000000227e+00	-1.838267499999999899e+01
2.565393500000000326e+00	-1.843920199999999809e+01
2.564203399999999800e+00	-1.847312000000000154e+01
2.563006500000000187e+00	-1.840528600000000026e+01
2.561922399999999822e+00	-1.843920199999999809e+01
2.560897900000000060e+00	-1.846181299999999936e+01
2.559761200000000070e+00	-1.839398100000000014e+01
2.558518599999999754e+00	-1.841659300000000243e+01
2.557225799999999882e+00	-1.841659300000000243e+01
2.555910200000000021e+00	-1.838267499999999899e+01
2.554700599999999877e+00	-1.838267499999999899e+01
2.553682000000000230e+00	-1.839398100000000014e+01
2.552720400000000112e+00	-1.837136999999999887e+01
2.551579200000000380e+00	-1.839398100000000014e+01
2.550238600000000133e+00	-1.841659300000000243e+01
2.548978299999999919e+00	-1.842789700000000153e+01
2.547917599999999894e+00	-1.845050900000000027e+01
2.546841400000000366e+00	-1.843920199999999809e+01
2.545615600000000089e+00	-1.843920199999999809e+01
2.544349599999999878e+00	-1.838267499999999899e+01
2.543194300000000130e+00	-1.843920199999999809e+01
2.542125500000000038e+00	-1.846181299999999936e+01
2.541010200000000108e+00	-1.842789700000000153e+01
2.539902199999999777e+00	-1.842789700000000153e+01
2.538905600000000096e+00	-1.842789700000000153e+01
2.537895199999999907e+00	-1.840528600000000026e+01
2.536762200000000078e+00	-1.840528600000000026e+01
2.535586200000000012e+00	-1.836006500000000230e+01
2.534445499999999907e+00	-1.837136999999999887e+01
2.533339100000000066e+00	-1.833745400000000103e+01
2.532168999999999670e+00	-1.836006500000000230e+01
2.530881400000000170e+00	-1.840528600000000026e+01
2.529643999999999782e+00	-1.842789700000000153e+01
2.528550599999999982e+00	-1.842789700000000153e+01
2.527438000000000073e+00	-1.841659300000000243e+01
2.526224299999999978e+00	-1.840528600000000026e+01
2.525012900000000116e+00	-1.840528600000000026e+01
2.523868699999999965e+00	-1.842789700000000153e+01
2.522726799999999603e+00	-1.841659300000000243e+01
2.521524000000000321e+00	-1.842789700000000153e+01
2.520343699999999743e+00	-1.845050900000000027e+01
2.519276699999999813e+00	-1.846181299999999936e+01
2.518244900000000008e+00	-1.840528600000000026e+01
2.517126900000000056e+00	-1.840528600000000026e+01
2.515925399999999978e+00	-1.843920199999999809e+01
2.514729199999999665e+00	-1.845050900000000027e+01
2.513566900000000270e+00	-1.845050900000000027e+01
2.512381799999999998e+00	-1.839398100000000014e+01
2.511152600000000401e+00	-1.839398100000000014e+01
2.509969799999999918e+00	-1.843920199999999809e+01
2.508859100000000009e+00	-1.847312000000000154e+01
2.507694499999999938e+00	-1.845050900000000027e+01
2.506487599999999816e+00	-1.842789700000000153e+01
2.505385500000000043e+00	-1.841659300000000243e+01
2.504327299999999923e+00	-1.849572899999999720e+01
2.503153200000000300e+00	-1.848442499999999811e+01
2.501903099999999824e+00	-1.842789700000000153e+01
2.500679299999999827e+00	-1.843920199999999809e+01
2.499471999999999916e+00	-1.843920199999999809e+01
2.498307800000000078e+00	-1.843920199999999809e+01
2.497221000000000135e+00	-1.848442499999999811e+01
2.496106799999999737e+00	-1.848442499999999811e+01
2.494923999999999698e+00	-1.846181299999999936e+01
2.493795800000000007e+00	-1.845050900000000027e+01
2.492773500000000197e+00	-1.841659300000000243e+01
2.491713999999999984e+00	-1.846181299999999936e+01
2.490464299999999742e+00	-1.849572899999999720e+01
2.489104199999999878e+00	-1.849572899999999720e+01
2.487829500000000138e+00	-1.848442499999999811e+01
2.486722700000000064e+00	-1.848442499999999811e+01
2.485746999999999929e+00	-1.846181299999999936e+01
2.484733199999999975e+00	-1.849572899999999720e+01
2.483511499999999650e+00	-1.848442499999999811e+01
2.482162500000000271e+00	-1.849572899999999720e+01
2.480882400000000043e+00	-1.848442499999999811e+01
2.479719799999999807e+00	-1.842789700000000153e+01
2.478604100000000088e+00	-1.846181299999999936e+01
2.477468599999999910e+00	-1.847312000000000154e+01
2.476284900000000011e+00	-1.841659300000000243e+01
2.475083400000000378e+00	-1.840528600000000026e+01
2.473946800000000223e+00	-1.843920199999999809e+01
2.472898600000000169e+00	-1.843920199999999809e+01
2.471837199999999957e+00	-1.840528600000000026e+01
2.470652400000000082e+00	-1.845050900000000027e+01
2.469411399999999812e+00	-1.841659300000000243e+01
2.468239899999999931e+00	-1.841659300000000243e+01
2.467099900000000012e+00	-1.846181299999999936e+01
2.465914300000000114e+00	-1.841659300000000243e+01
2.464679300000000239e+00	-1.845050900000000027e+01
2.463419599999999932e+00	-1.839398100000000014e+01
2.462180200000000152e+00	-1.839398100000000014e+01
2.460986699999999860e+00	-1.842789700000000153e+01
2.459874199999999789e+00	-1.849572899999999720e+01
2.458811199999999975e+00	-1.839398100000000014e+01
2.457597900000000113e+00	-1.850703599999999938e+01
2.456207799999999608e+00	-1.845050900000000027e+01
2.454966300000000157e+00	-1.845050900000000027e+01
2.454013600000000128e+00	-1.847312000000000154e+01
2.453068200000000143e+00	-1.842789700000000153e+01
2.451927200000000084e+00	-1.843920199999999809e+01
2.450667600000000057e+00	-1.843920199999999809e+01
2.449409499999999795e+00	-1.842789700000000153e+01
2.448209700000000044e+00	-1.842789700000000153e+01
2.447034600000000282e+00	-1.840528600000000026e+01
2.445848799999999823e+00	-1.840528600000000026e+01
2.444679000000000268e+00	-1.843920199999999809e+01
2.443545299999999809e+00	-1.846181299999999936e+01
2.442430299999999832e+00	-1.843920199999999809e+01
2.441231600000000057e+00	-1.843920199999999809e+01
2.439929600000000143e+00	-1.847312000000000154e+01
2.438714099999999885e+00	-1.843920199999999809e+01
2.437624700000000200e+00	-1.841659300000000243e+01
2.436464500000000033e+00	-1.848442499999999811e+01
2.435248000000000079e+00	-1.847312000000000154e+01
2.434215299999999971e+00	-1.846181299999999936e+01
2.433330299999999724e+00	-1.845050900000000027e+01
2.432253999999999916e+00	-1.848442499999999811e+01
2.430929700000000082e+00	-1.846181299999999936e+01
2.429666200000000220e+00	-1.847312000000000154e+01
2.428580999999999879e+00	-1.852964700000000065e+01
2.427482700000000104e+00	-1.850703599999999938e+01
2.426222600000000007e+00	-1.846181299999999936e+01
2.424920500000000256e+00	-1.848442499999999811e+01
2.423778800000000011e+00	-1.851834099999999950e+01
2.422732900000000189e+00	-1.842789700000000153e+01
2.421616300000000166e+00	-1.849572899999999720e+01
2.420473699999999617e+00	-1.856356299999999848e+01
2.419320700000000102e+00	-1.854095200000000077e+01
2.418020100000000117e+00	-1.852964700000000065e+01
2.416656999999999833e+00	-1.846181299999999936e+01
2.415458300000000058e+00	-1.847312000000000154e+01
2.414384000000000086e+00	-1.843920199999999809e+01
2.413290299999999888e+00	-1.841659300000000243e+01
2.412140500000000021e+00	-1.841659300000000243e+01
2.410912399999999955e+00	-1.846181299999999936e+01
2.409652099999999741e+00	-1.850703599999999938e+01
2.408424699999999863e+00	-1.847312000000000154e+01
2.407205600000000167e+00	-1.843920199999999809e+01
2.406044099999999908e+00	-1.841659300000000243e+01
2.405030500000000071e+00	-1.842789700000000153e+01
2.404047299999999776e+00	-1.842789700000000153e+01
2.402914099999999831e+00	-1.847312000000000154e+01
2.401648100000000063e+00	-1.846181299999999936e+01
2.400411199999999745e+00	-1.842789700000000153e+01
2.399305000000000021e+00	-1.838267499999999899e+01
2.398235399999999906e+00	-1.845050900000000027e+01
2.397070400000000046e+00	-1.842789700000000153e+01
2.395821199999999873e+00	-1.845050900000000027e+01
2.394526500000000002e+00	-1.841659300000000243e+01
2.393228399999999922e+00	-1.838267499999999899e+01
2.392032700000000123e+00	-1.841659300000000243e+01
2.390954299999999755e+00	-1.846181299999999936e+01
2.389851900000000029e+00	-1.840528600000000026e+01
2.388649399999999812e+00	-1.841659300000000243e+01
2.387458200000000197e+00	-1.843920199999999809e+01
2.386359000000000119e+00	-1.842789700000000153e+01
2.385268799999999967e+00	-1.841659300000000243e+01
2.384106699999999801e+00	-1.837136999999999887e+01
2.382867699999999811e+00	-1.839398100000000014e+01
2.381589899999999815e+00	-1.839398100000000014e+01
2.380354099999999917e+00	-1.836006500000000230e+01
2.379199000000000286e+00	-1.839398100000000014e+01
2.378053799999999995e+00	-1.839398100000000014e+01
2.376821599999999979e+00	-1.836006500000000230e+01
2.375491899999999657e+00	-1.837136999999999887e+01
2.374204100000000039e+00	-1.839398100000000014e+01
2.373111100000000029e+00	-1.841659300000000243e+01
2.372096299999999935e+00	-1.841659300000000243e+01
2.370953999999999784e+00	-1.837136999999999887e+01
2.369740499999999805e+00	-1.836006500000000230e+01
2.368532000000000082e+00	-1.836006500000000230e+01
2.367311299999999896e+00	-1.839398100000000014e+01
2.366183299999999878e+00	-1.839398100000000014e+01
2.365152599999999605e+00	-1.840528600000000026e+01
2.364018399999999964e+00	-1.840528600000000026e+01
2.362708500000000100e+00	-1.834875900000000115e+01
2.361360900000000207e+00	-1.838267499999999899e+01
2.360151000000000110e+00	-1.842789700000000153e+01
2.359073500000000045e+00	-1.840528600000000026e+01
2.357978000000000129e+00	-1.846181299999999936e+01
2.356843399999999811e+00	-1.846181299999999936e+01
2.355666500000000330e+00	-1.839398100000000014e+01
2.354380499999999987e+00	-1.839398100000000014e+01
2.353097899999999854e+00	-1.840528600000000026e+01
2.351939200000000341e+00	-1.838267499999999899e+01
2.350799199999999978e+00	-1.834875900000000115e+01
2.349652299999999805e+00	-1.841659300000000243e+01
2.348615899999999979e+00	-1.845050900000000027e+01
2.347589300000000101e+00	-1.841659300000000243e+01
2.346395400000000020e+00	-1.840528600000000026e+01
2.345127300000000137e+00	-1.841659300000000243e+01
2.343936999999999937e+00	-1.839398100000000014e+01
2.342771500000000007e+00	-1.833745400000000103e+01
2.341515900000000094e+00	-1.836006500000000230e+01
2.340199399999999930e+00	-1.836006500000000230e+01
2.338950500000000154e+00	-1.846181299999999936e+01
2.337818799999999975e+00	-1.838267499999999899e+01
2.336718999999999991e+00	-1.840528600000000026e+01
2.335532799999999742e+00	-1.837136999999999887e+01
2.334260700000000188e+00	-1.841659300000000243e+01
2.333043500000000048e+00	-1.837136999999999887e+01
2.331957099999999894e+00	-1.834875900000000115e+01
2.330898499999999984e+00	-1.836006500000000230e+01
2.329753699999999927e+00	-1.845050900000000027e+01
2.328555900000000012e+00	-1.838267499999999899e+01
2.327392399999999917e+00	-1.836006500000000230e+01
2.326235499999999679e+00	-1.839398100000000014e+01
2.325022699999999887e+00	-1.838267499999999899e+01
2.323777199999999876e+00	-1.839398100000000014e+01
2.322555699999999668e+00	-1.839398100000000014e+01
2.321368399999999887e+00	-1.839398100000000014e+01
2.320131900000000247e+00	-1.839398100000000014e+01
2.318814900000000012e+00	-1.843920199999999809e+01
2.317574899999999882e+00	-1.843920199999999809e+01
2.316505999999999954e+00	-1.841659300000000243e+01
2.315468899999999941e+00	-1.839398100000000014e+01
2.314328199999999836e+00	-1.839398100000000014e+01
2.313098500000000168e+00	-1.840528600000000026e+01
2.311819099999999683e+00	-1.840528600000000026e+01
2.310522199999999859e+00	-1.838267499999999899e+01
2.309325299999999803e+00	-1.847312000000000154e+01
2.308293700000000115e+00	-1.846181299999999936e+01
2.307249800000000128e+00	-1.839398100000000014e+01
2.306011800000000278e+00	-1.837136999999999887e+01
2.304698699999999878e+00	-1.850703599999999938e+01
2.303478600000000043e+00	-1.845050900000000027e+01
2.302272600000000224e+00	-1.834875900000000115e+01
2.301003399999999921e+00	-1.838267499999999899e+01
2.299791300000000316e+00	-1.836006500000000230e+01
2.298707400000000067e+00	-1.837136999999999887e+01
2.297608899999999732e+00	-1.832614799999999988e+01
2.296363599999999838e+00	-1.836006500000000230e+01
2.295095599999999791e+00	-1.834875900000000115e+01
2.293933400000000233e+00	-1.832614799999999988e+01
2.292741100000000198e+00	-1.837136999999999887e+01
2.291477800000000009e+00	-1.833745400000000103e+01
2.290310199999999963e+00	-1.829223200000000205e+01
2.289211600000000235e+00	-1.833745400000000103e+01
2.288056300000000043e+00	-1.837136999999999887e+01
2.286901499999999920e+00	-1.831484299999999976e+01
2.285769799999999741e+00	-1.831484299999999976e+01
2.284523399999999871e+00	-1.842789700000000153e+01
2.283149299999999826e+00	-1.839398100000000014e+01
2.281815299999999880e+00	-1.837136999999999887e+01
2.280605299999999946e+00	-1.839398100000000014e+01
2.279468400000000283e+00	-1.840528600000000026e+01
2.278316300000000183e+00	-1.843920199999999809e+01
2.277136400000000283e+00	-1.837136999999999887e+01
2.276037300000000041e+00	-1.839398100000000014e+01
2.275003200000000003e+00	-1.836006500000000230e+01
2.273874500000000243e+00	-1.832614799999999988e+01
2.272636000000000323e+00	-1.837136999999999887e+01
2.271365199999999973e+00	-1.837136999999999887e+01
2.270112899999999989e+00	-1.839398100000000014e+01
2.268926900000000302e+00	-1.832614799999999988e+01
2.267762999999999973e+00	-1.840528600000000026e+01
2.266581100000000237e+00	-1.836006500000000230e+01
2.265420999999999907e+00	-1.841659300000000243e+01
2.264213199999999926e+00	-1.838267499999999899e+01
2.262856000000000201e+00	-1.838267499999999899e+01
2.261459499999999956e+00	-1.831484299999999976e+01
2.260207099999999691e+00	-1.837136999999999887e+01
2.259093200000000135e+00	-1.840528600000000026e+01
2.258028900000000228e+00	-1.839398100000000014e+01
2.256980700000000173e+00	-1.842789700000000153e+01
2.255887200000000092e+00	-1.833745400000000103e+01
2.254741500000000176e+00	-1.837136999999999887e+01
2.253607600000000044e+00	-1.832614799999999988e+01
2.252425200000000238e+00	-1.833745400000000103e+01
2.251093699999999753e+00	-1.834875900000000115e+01
2.249703400000000020e+00	-1.836006500000000230e+01
2.248473500000000236e+00	-1.834875900000000115e+01
2.247463699999999953e+00	-1.831484299999999976e+01
2.246460299999999854e+00	-1.833745400000000103e+01
2.245231599999999883e+00	-1.838267499999999899e+01
2.243821899999999925e+00	-1.836006500000000230e+01
2.242467200000000105e+00	-1.831484299999999976e+01
2.241282599999999903e+00	-1.839398100000000014e+01
2.240168900000000018e+00	-1.840528600000000026e+01
2.239011300000000038e+00	-1.836006500000000230e+01
2.237813999999999748e+00	-1.837136999999999887e+01
2.236649400000000121e+00	-1.832614799999999988e+01
2.235546199999999928e+00	-1.837136999999999887e+01
2.234447899999999709e+00	-1.837136999999999887e+01
2.233331299999999686e+00	-1.841659300000000243e+01
2.232178800000000241e+00	-1.840528600000000026e+01
2.230911400000000100e+00	-1.836006500000000230e+01
2.229605299999999790e+00	-1.836006500000000230e+01
2.228417099999999706e+00	-1.838267499999999899e+01
2.227300699999999800e+00	-1.840528600000000026e+01
2.226176800000000178e+00	-1.840528600000000026e+01
2.225042000000000186e+00	-1.832614799999999988e+01
2.223830100000000254e+00	-1.839398100000000014e+01
2.222557899999999975e+00	-1.836006500000000230e+01
2.221325999999999912e+00	-1.832614799999999988e+01
2.220110400000000261e+00	-1.838267499999999899e+01
2.218865599999999993e+00	-1.838267499999999899e+01
2.217588600000000021e+00	-1.838267499999999899e+01
2.216304899999999911e+00	-1.837136999999999887e+01
2.215109100000000275e+00	-1.840528600000000026e+01
2.214009799999999917e+00	-1.839398100000000014e+01
2.212890900000000105e+00	-1.838267499999999899e+01
2.211695799999999767e+00	-1.836006500000000230e+01
2.210490500000000136e+00	-1.836006500000000230e+01
2.209348599999999774e+00	-1.833745400000000103e+01
2.208210400000000018e+00	-1.833745400000000103e+01
2.206952999999999943e+00	-1.834875900000000115e+01
2.205635199999999685e+00	-1.831484299999999976e+01
2.204455999999999971e+00	-1.830353600000000114e+01
2.203418300000000052e+00	-1.829223200000000205e+01
2.202333899999999733e+00	-1.838267499999999899e+01
2.201122499999999871e+00	-1.838267499999999899e+01
2.199853500000000128e+00	-1.838267499999999899e+01
2.198658899999999861e+00	-1.840528600000000026e+01
2.197573400000000010e+00	-1.841659300000000243e+01
2.196417900000000145e+00	-1.838267499999999899e+01
2.195095699999999983e+00	-1.840528600000000026e+01
2.193744399999999928e+00	-1.841659300000000243e+01
2.192441999999999780e+00	-1.840528600000000026e+01
2.191191900000000192e+00	-1.840528600000000026e+01
2.190051899999999829e+00	-1.839398100000000014e+01
2.188977799999999974e+00	-1.839398100000000014e+01
2.187818600000000391e+00	-1.839398100000000014e+01
2.186552599999999735e+00	-1.837136999999999887e+01
2.185335199999999922e+00	-1.838267499999999899e+01
2.184256299999999928e+00	-1.837136999999999887e+01
2.183202000000000087e+00	-1.839398100000000014e+01
2.182047199999999965e+00	-1.841659300000000243e+01
2.180807799999999741e+00	-1.837136999999999887e+01
2.179524699999999982e+00	-1.847312000000000154e+01
2.178190700000000035e+00	-1.847312000000000154e+01
2.176849199999999929e+00	-1.849572899999999720e+01
2.175608900000000290e+00	-1.849572899999999720e+01
2.174488399999999988e+00	-1.849572899999999720e+01
2.173386300000000215e+00	-1.849572899999999720e+01
2.172212599999999938e+00	-1.847312000000000154e+01
2.170928799999999992e+00	-1.848442499999999811e+01
2.169622799999999962e+00	-1.847312000000000154e+01
2.168451399999999918e+00	-1.850703599999999938e+01
2.167336800000000174e+00	-1.850703599999999938e+01
2.166107200000000343e+00	-1.850703599999999938e+01
2.164808400000000077e+00	-1.854095200000000077e+01
2.163545300000000005e+00	-1.850703599999999938e+01
2.162331200000000120e+00	-1.850703599999999938e+01
2.161177200000000020e+00	-1.848442499999999811e+01
2.160059500000000021e+00	-1.847312000000000154e+01
2.158890799999999999e+00	-1.843920199999999809e+01
2.157667000000000002e+00	-1.847312000000000154e+01
2.156446300000000260e+00	-1.847312000000000154e+01
2.155236400000000163e+00	-1.843920199999999809e+01
2.154082499999999900e+00	-1.846181299999999936e+01
2.153015900000000205e+00	-1.845050900000000027e+01
2.151925599999999772e+00	-1.851834099999999950e+01
2.150689599999999757e+00	-1.843920199999999809e+01
2.149367200000000366e+00	-1.845050900000000027e+01
2.148092299999999621e+00	-1.848442499999999811e+01
2.146847199999999845e+00	-1.842789700000000153e+01
2.145608999999999877e+00	-1.849572899999999720e+01
2.144431799999999999e+00	-1.841659300000000243e+01
2.143209700000000328e+00	-1.847312000000000154e+01
2.141883699999999724e+00	-1.850703599999999938e+01
2.140677900000000022e+00	-1.846181299999999936e+01
2.139657699999999885e+00	-1.847312000000000154e+01
2.138558800000000204e+00	-1.848442499999999811e+01
2.137273399999999768e+00	-1.849572899999999720e+01
2.135960100000000139e+00	-1.842789700000000153e+01
2.134734799999999932e+00	-1.846181299999999936e+01
2.133619500000000002e+00	-1.846181299999999936e+01
2.132553600000000049e+00	-1.847312000000000154e+01
2.131393999999999789e+00	-1.845050900000000027e+01
2.130114600000000191e+00	-1.847312000000000154e+01
2.128835599999999939e+00	-1.845050900000000027e+01
2.127651000000000181e+00	-1.845050900000000027e+01
2.126529999999999809e+00	-1.846181299999999936e+01
2.125342199999999959e+00	-1.848442499999999811e+01
2.124010700000000362e+00	-1.848442499999999811e+01
2.122628300000000134e+00	-1.848442499999999811e+01
2.121373400000000409e+00	-1.847312000000000154e+01
2.120273800000000097e+00	-1.845050900000000027e+01
2.119186299999999967e+00	-1.848442499999999811e+01
2.118003100000000138e+00	-1.850703599999999938e+01
2.116705699999999801e+00	-1.851834099999999950e+01
2.115388300000000221e+00	-1.852964700000000065e+01
2.114183200000000262e+00	-1.854095200000000077e+01
2.113008600000000126e+00	-1.852964700000000065e+01
2.111717500000000136e+00	-1.852964700000000065e+01
2.110442200000000046e+00	-1.855225699999999733e+01
2.109330599999999833e+00	-1.849572899999999720e+01
2.108194600000000030e+00	-1.848442499999999811e+01
2.106887199999999627e+00	-1.854095200000000077e+01
2.105620500000000117e+00	-1.854095200000000077e+01
2.104497500000000354e+00	-1.851834099999999950e+01
2.103292399999999951e+00	-1.855225699999999733e+01
2.101957500000000145e+00	-1.855225699999999733e+01
2.100708099999999856e+00	-1.852964700000000065e+01
2.099573499999999981e+00	-1.857486799999999860e+01
2.098440300000000036e+00	-1.854095200000000077e+01
2.097310199999999902e+00	-1.859747899999999987e+01
2.096187899999999882e+00	-1.856356299999999848e+01
2.094996899999999940e+00	-1.859747899999999987e+01
2.093664299999999923e+00	-1.856356299999999848e+01
2.092247799999999991e+00	-1.855225699999999733e+01
2.090961500000000139e+00	-1.857486799999999860e+01
2.089874900000000313e+00	-1.857486799999999860e+01
2.088770999999999933e+00	-1.857486799999999860e+01
2.087513200000000069e+00	-1.859747899999999987e+01
2.086238100000000095e+00	-1.859747899999999987e+01
2.085101199999999988e+00	-1.862009000000000114e+01
2.084062999999999999e+00	-1.854095200000000077e+01
2.082935900000000284e+00	-1.858617399999999975e+01
2.081639200000000134e+00	-1.856356299999999848e+01
2.080338600000000149e+00	-1.851834099999999950e+01
2.079153499999999877e+00	-1.851834099999999950e+01
2.077957300000000007e+00	-1.856356299999999848e+01
2.076654899999999859e+00	-1.855225699999999733e+01
2.075346399999999925e+00	-1.852964700000000065e+01
2.074118100000000187e+00	-1.855225699999999733e+01
2.072932100000000055e+00	-1.852964700000000065e+01
2.071761599999999870e+00	-1.856356299999999848e+01
2.070615399999999884e+00	-1.849572899999999720e+01
2.069424699999999895e+00	-1.855225699999999733e+01
2.068147300000000133e+00	-1.860878399999999999e+01
2.066858100000000142e+00	-1.856356299999999848e+01
2.065561599999999665e+00	-1.859747899999999987e+01
2.064261899999999983e+00	-1.858617399999999975e+01
2.063082499999999708e+00	-1.863139500000000126e+01
2.061980700000000333e+00	-1.859747899999999987e+01
2.060801099999999941e+00	-1.859747899999999987e+01
2.059575099999999992e+00	-1.860878399999999999e+01
2.058345899999999951e+00	-1.856356299999999848e+01
2.057074900000000373e+00	-1.859747899999999987e+01
2.055787899999999890e+00	-1.860878399999999999e+01
2.054544700000000113e+00	-1.864270199999999988e+01
2.053386700000000342e+00	-1.864270199999999988e+01
2.052288400000000124e+00	-1.864270199999999988e+01
2.051154300000000319e+00	-1.863139500000000126e+01
2.049934700000000110e+00	-1.858617399999999975e+01
2.048673400000000200e+00	-1.859747899999999987e+01
2.047461699999999940e+00	-1.863139500000000126e+01
2.046304899999999982e+00	-1.860878399999999999e+01
2.045064500000000063e+00	-1.863139500000000126e+01
2.043693500000000274e+00	-1.863139500000000126e+01
2.042391299999999799e+00	-1.862009000000000114e+01
2.041293599999999930e+00	-1.862009000000000114e+01
2.040220600000000051e+00	-1.866531299999999760e+01
2.039009099999999908e+00	-1.873314500000000038e+01
2.037787199999999910e+00	-1.868792200000000037e+01
2.036677599999999977e+00	-1.863139500000000126e+01
2.035560599999999720e+00	-1.860878399999999999e+01
2.034261600000000225e+00	-1.863139500000000126e+01
2.032828700000000044e+00	-1.865400600000000253e+01
2.031551499999999955e+00	-1.862009000000000114e+01
2.030586299999999955e+00	-1.867661800000000127e+01
2.029701600000000106e+00	-1.865400600000000253e+01
2.028608199999999862e+00	-1.865400600000000253e+01
2.027296899999999624e+00	-1.867661800000000127e+01
2.025931499999999996e+00	-1.866531299999999760e+01
2.024628400000000106e+00	-1.873314500000000038e+01
2.023402899999999782e+00	-1.869922900000000254e+01
2.022182299999999877e+00	-1.868792200000000037e+01
2.020882899999999704e+00	-1.871053400000000266e+01
2.019545700000000110e+00	-1.868792200000000037e+01
2.018289900000000081e+00	-1.867661800000000127e+01
2.017132599999999609e+00	-1.865400600000000253e+01
2.015992299999999737e+00	-1.867661800000000127e+01
2.014815000000000023e+00	-1.871053400000000266e+01
2.013579200000000125e+00	-1.872184000000000026e+01
2.012244700000000108e+00	-1.874445000000000050e+01
2.010852299999999815e+00	-1.869922900000000254e+01
2.009556499999999968e+00	-1.869922900000000254e+01
2.008423099999999906e+00	-1.873314500000000038e+01
2.007356199999999813e+00	-1.865400600000000253e+01
2.006219800000000220e+00	-1.868792200000000037e+01
2.004980199999999879e+00	-1.867661800000000127e+01
2.003768500000000063e+00	-1.869922900000000254e+01
2.002646399999999716e+00	-1.871053400000000266e+01
2.001455899999999843e+00	-1.871053400000000266e+01
2.000137800000000077e+00	-1.869922900000000254e+01
1.998855200000000165e+00	-1.871053400000000266e+01
1.997666500000000012e+00	-1.876706100000000177e+01
1.996451100000000034e+00	-1.871053400000000266e+01
1.995189200000000218e+00	-1.868792200000000037e+01
1.993965999999999683e+00	-1.867661800000000127e+01
1.992771800000000093e+00	-1.868792200000000037e+01
1.991599400000000131e+00	-1.873314500000000038e+01
1.990480499999999875e+00	-1.874445000000000050e+01
1.989313400000000120e+00	-1.869922900000000254e+01
1.988023300000000049e+00	-1.867661800000000127e+01
1.986735699999999882e+00	-1.867661800000000127e+01
1.985522199999999904e+00	-1.871053400000000266e+01
1.984299599999999941e+00	-1.874445000000000050e+01
1.983017499999999878e+00	-1.869922900000000254e+01
1.981749399999999994e+00	-1.868792200000000037e+01
1.980558599999999947e+00	-1.871053400000000266e+01
1.979315999999999853e+00	-1.864270199999999988e+01
1.977925599999999839e+00	-1.868792200000000037e+01
1.976561400000000024e+00	-1.869922900000000254e+01
1.975335900000000144e+00	-1.876706100000000177e+01
1.974175800000000036e+00	-1.875575600000000165e+01
1.973083699999999885e+00	-1.873314500000000038e+01
1.972026900000000138e+00	-1.873314500000000038e+01
1.970850699999999955e+00	-1.869922900000000254e+01
1.969495299999999949e+00	-1.869922900000000254e+01
1.968056699999999992e+00	-1.875575600000000165e+01
1.966719500000000176e+00	-1.874445000000000050e+01
1.965576299999999943e+00	-1.872184000000000026e+01
1.964495399999999892e+00	-1.871053400000000266e+01
1.963323499999999999e+00	-1.875575600000000165e+01
1.962060199999999810e+00	-1.877836699999999936e+01
1.960781899999999967e+00	-1.876706100000000177e+01
1.959512699999999885e+00	-1.872184000000000026e+01
1.958256199999999891e+00	-1.873314500000000038e+01
1.957079599999999919e+00	-1.875575600000000165e+01
1.955963600000000024e+00	-1.876706100000000177e+01
1.954791300000000120e+00	-1.868792200000000037e+01
1.953544799999999970e+00	-1.872184000000000026e+01
1.952246700000000112e+00	-1.872184000000000026e+01
1.950897500000000173e+00	-1.868792200000000037e+01
1.949547400000000152e+00	-1.872184000000000026e+01
1.948267499999999819e+00	-1.871053400000000266e+01
1.947074500000000263e+00	-1.869922900000000254e+01
1.945908700000000158e+00	-1.874445000000000050e+01
1.944706099999999882e+00	-1.874445000000000050e+01
1.943509700000000118e+00	-1.873314500000000038e+01
1.942377599999999926e+00	-1.871053400000000266e+01
1.941240999999999772e+00	-1.866531299999999760e+01
1.940056300000000178e+00	-1.868792200000000037e+01
1.938902200000000020e+00	-1.871053400000000266e+01
1.937746700000000155e+00	-1.868792200000000037e+01
1.936480200000000096e+00	-1.872184000000000026e+01
1.935188499999999978e+00	-1.868792200000000037e+01
1.933955400000000102e+00	-1.869922900000000254e+01
1.932644400000000040e+00	-1.875575600000000165e+01
1.931268800000000008e+00	-1.877836699999999936e+01
1.930037800000000026e+00	-1.876706100000000177e+01
1.928883600000000031e+00	-1.881228300000000075e+01
1.927617200000000031e+00	-1.876706100000000177e+01
1.926324600000000054e+00	-1.876706100000000177e+01
1.925124699999999800e+00	-1.880097699999999961e+01
1.923965100000000206e+00	-1.876706100000000177e+01
1.922783200000000026e+00	-1.876706100000000177e+01
1.921550599999999998e+00	-1.875575600000000165e+01
1.920293899999999887e+00	-1.875575600000000165e+01
1.919126599999999794e+00	-1.877836699999999936e+01
1.918053800000000031e+00	-1.878967199999999949e+01
1.916867899999999736e+00	-1.873314500000000038e+01
1.915490200000000254e+00	-1.871053400000000266e+01
1.914145100000000044e+00	-1.872184000000000026e+01
1.912945000000000118e+00	-1.876706100000000177e+01
1.911745099999999864e+00	-1.875575600000000165e+01
1.910495300000000007e+00	-1.876706100000000177e+01
1.909280899999999725e+00	-1.875575600000000165e+01
1.908097799999999955e+00	-1.874445000000000050e+01
1.906895500000000077e+00	-1.874445000000000050e+01
1.905690500000000176e+00	-1.873314500000000038e+01
1.904474199999999895e+00	-1.871053400000000266e+01
1.903233400000000186e+00	-1.872184000000000026e+01
1.902054899999999993e+00	-1.877836699999999936e+01
1.900931799999999949e+00	-1.875575600000000165e+01
1.899702499999999850e+00	-1.877836699999999936e+01
1.898385400000000001e+00	-1.878967199999999949e+01
1.897148899999999916e+00	-1.876706100000000177e+01
1.895973799999999931e+00	-1.875575600000000165e+01
1.894742099999999985e+00	-1.874445000000000050e+01
1.893474000000000101e+00	-1.881228300000000075e+01
1.892218999999999873e+00	-1.881228300000000075e+01
1.890906299999999929e+00	-1.878967199999999949e+01
1.889538500000000010e+00	-1.876706100000000177e+01
1.888301000000000007e+00	-1.874445000000000050e+01
1.887213699999999994e+00	-1.878967199999999949e+01
1.886070000000000135e+00	-1.883489499999999950e+01
1.884815299999999860e+00	-1.884619899999999859e+01
1.883509600000000006e+00	-1.883489499999999950e+01
1.882149599999999978e+00	-1.881228300000000075e+01
1.880798200000000087e+00	-1.885750399999999871e+01
1.879567900000000069e+00	-1.888011499999999998e+01
1.878480900000000009e+00	-1.881228300000000075e+01
1.877454500000000026e+00	-1.882358800000000087e+01
1.876340899999999978e+00	-1.883489499999999950e+01
1.875060900000000030e+00	-1.880097699999999961e+01
1.873721299999999923e+00	-1.881228300000000075e+01
1.872467799999999905e+00	-1.881228300000000075e+01
1.871252699999999880e+00	-1.876706100000000177e+01
1.869957799999999892e+00	-1.884619899999999859e+01
1.868649300000000180e+00	-1.880097699999999961e+01
1.867454299999999900e+00	-1.881228300000000075e+01
1.866339500000000040e+00	-1.877836699999999936e+01
1.865126899999999921e+00	-1.878967199999999949e+01
1.863744000000000067e+00	-1.880097699999999961e+01
1.862400700000000020e+00	-1.880097699999999961e+01
1.861235299999999926e+00	-1.882358800000000087e+01
1.860052199999999933e+00	-1.881228300000000075e+01
1.858723999999999821e+00	-1.877836699999999936e+01
1.857396899999999906e+00	-1.882358800000000087e+01
1.856179000000000023e+00	-1.881228300000000075e+01
1.855012899999999965e+00	-1.878967199999999949e+01
1.853818699999999930e+00	-1.880097699999999961e+01
1.852534299999999856e+00	-1.883489499999999950e+01
1.851141899999999785e+00	-1.883489499999999950e+01
1.849800000000000111e+00	-1.878967199999999949e+01
1.848640400000000072e+00	-1.876706100000000177e+01
1.847498700000000049e+00	-1.882358800000000087e+01
1.846307699999999885e+00	-1.886881100000000089e+01
1.845192100000000002e+00	-1.883489499999999950e+01
1.844033699999999998e+00	-1.881228300000000075e+01
1.842756900000000142e+00	-1.881228300000000075e+01
1.841536900000000143e+00	-1.883489499999999950e+01
1.840350299999999883e+00	-1.888011499999999998e+01
1.839051699999999956e+00	-1.888011499999999998e+01
1.837668700000000044e+00	-1.890272599999999770e+01
1.836314300000000177e+00	-1.889142199999999860e+01
1.835058599999999984e+00	-1.886881100000000089e+01
1.833851799999999921e+00	-1.886881100000000089e+01
1.832668699999999928e+00	-1.890272599999999770e+01
1.831593400000000038e+00	-1.892533799999999999e+01
1.830562400000000034e+00	-1.893664200000000264e+01
1.829374100000000114e+00	-1.892533799999999999e+01
1.827982300000000171e+00	-1.888011499999999998e+01
1.826513900000000135e+00	-1.892533799999999999e+01
1.825150300000000003e+00	-1.891403100000000137e+01
1.824021200000000009e+00	-1.891403100000000137e+01
1.823021900000000084e+00	-1.893664200000000264e+01
1.821916000000000091e+00	-1.894794899999999771e+01
1.820675000000000043e+00	-1.892533799999999999e+01
1.819461900000000076e+00	-1.888011499999999998e+01
1.818345300000000053e+00	-1.885750399999999871e+01
1.817219600000000046e+00	-1.883489499999999950e+01
1.815950900000000034e+00	-1.885750399999999871e+01
1.814513100000000101e+00	-1.889142199999999860e+01
1.813045899999999877e+00	-1.881228300000000075e+01
1.811757999999999980e+00	-1.883489499999999950e+01
1.810682499999999973e+00	-1.885750399999999871e+01
1.809652399999999828e+00	-1.890272599999999770e+01
1.808498000000000161e+00	-1.889142199999999860e+01
1.807148900000000058e+00	-1.886881100000000089e+01
1.805681199999999986e+00	-1.884619899999999859e+01
1.804296499999999970e+00	-1.888011499999999998e+01
1.803136599999999978e+00	-1.888011499999999998e+01
1.802114199999999888e+00	-1.884619899999999859e+01
1.801004700000000014e+00	-1.888011499999999998e+01
1.799695200000000161e+00	-1.888011499999999998e+01
1.798264599999999991e+00	-1.885750399999999871e+01
1.796926699999999988e+00	-1.886881100000000089e+01
1.795818400000000148e+00	-1.889142199999999860e+01
1.794765100000000002e+00	-1.884619899999999859e+01
1.793547199999999897e+00	-1.883489499999999950e+01
1.792234600000000011e+00	-1.882358800000000087e+01
1.790946799999999950e+00	-1.882358800000000087e+01
1.789675699999999869e+00	-1.884619899999999859e+01
1.788448199999999932e+00	-1.882358800000000087e+01
1.787243699999999880e+00	-1.883489499999999950e+01
1.785934700000000097e+00	-1.886881100000000089e+01
1.784594500000000084e+00	-1.886881100000000089e+01
1.783395199999999958e+00	-1.880097699999999961e+01
1.782198900000000030e+00	-1.884619899999999859e+01
1.780857000000000134e+00	-1.884619899999999859e+01
1.779553399999999952e+00	-1.882358800000000087e+01
1.778393700000000077e+00	-1.882358800000000087e+01
1.777251700000000101e+00	-1.885750399999999871e+01
1.776075000000000070e+00	-1.884619899999999859e+01
1.774868299999999843e+00	-1.883489499999999950e+01
1.773597300000000043e+00	-1.889142199999999860e+01
1.772237300000000015e+00	-1.886881100000000089e+01
1.770875100000000035e+00	-1.883489499999999950e+01
1.769699100000000191e+00	-1.880097699999999961e+01
1.768623000000000056e+00	-1.885750399999999871e+01
1.767320000000000002e+00	-1.884619899999999859e+01
1.765816599999999958e+00	-1.881228300000000075e+01
1.764448000000000016e+00	-1.884619899999999859e+01
1.763269799999999998e+00	-1.885750399999999871e+01
1.762057800000000007e+00	-1.889142199999999860e+01
1.760778299999999907e+00	-1.886881100000000089e+01
1.759565299999999999e+00	-1.885750399999999871e+01
1.758362299999999934e+00	-1.886881100000000089e+01
1.757059300000000102e+00	-1.893664200000000264e+01
1.755785900000000010e+00	-1.885750399999999871e+01
1.754650799999999844e+00	-1.885750399999999871e+01
1.753470000000000084e+00	-1.889142199999999860e+01
1.752110799999999857e+00	-1.888011499999999998e+01
1.750735800000000175e+00	-1.884619899999999859e+01
1.749468100000000081e+00	-1.889142199999999860e+01
1.748245199999999944e+00	-1.881228300000000075e+01
1.747039299999999962e+00	-1.881228300000000075e+01
1.745885600000000037e+00	-1.881228300000000075e+01
1.744741000000000097e+00	-1.880097699999999961e+01
1.743497099999999911e+00	-1.885750399999999871e+01
1.742192399999999974e+00	-1.880097699999999961e+01
1.740985699999999969e+00	-1.877836699999999936e+01
1.739844799999999969e+00	-1.880097699999999961e+01
1.738588299999999975e+00	-1.882358800000000087e+01
1.737173500000000148e+00	-1.880097699999999961e+01
1.735747399999999940e+00	-1.883489499999999950e+01
1.734498799999999896e+00	-1.883489499999999950e+01
1.733413300000000046e+00	-1.880097699999999961e+01
1.732254299999999914e+00	-1.884619899999999859e+01
1.730912100000000065e+00	-1.883489499999999950e+01
1.729523299999999875e+00	-1.878967199999999949e+01
1.728200100000000017e+00	-1.881228300000000075e+01
1.726959200000000028e+00	-1.888011499999999998e+01
1.725793700000000097e+00	-1.890272599999999770e+01
1.724642300000000184e+00	-1.885750399999999871e+01
1.723477600000000054e+00	-1.889142199999999860e+01
1.722305999999999893e+00	-1.890272599999999770e+01
1.721097300000000052e+00	-1.894794899999999771e+01
1.719868600000000081e+00	-1.892533799999999999e+01
1.718663799999999853e+00	-1.893664200000000264e+01
1.717439099999999996e+00	-1.888011499999999998e+01
1.716136800000000129e+00	-1.892533799999999999e+01
1.714849500000000138e+00	-1.891403100000000137e+01
1.713648800000000083e+00	-1.889142199999999860e+01
1.712397300000000122e+00	-1.892533799999999999e+01
1.711035899999999943e+00	-1.891403100000000137e+01
1.709729100000000113e+00	-1.894794899999999771e+01
1.708558100000000080e+00	-1.894794899999999771e+01
1.707356099999999932e+00	-1.894794899999999771e+01
1.706013099999999838e+00	-1.893664200000000264e+01
1.704732499999999984e+00	-1.901578100000000049e+01
1.703652199999999839e+00	-1.897055999999999898e+01
1.702531800000000040e+00	-1.895925399999999783e+01
1.701182399999999983e+00	-1.897055999999999898e+01
1.699749200000000071e+00	-1.895925399999999783e+01
1.698409700000000022e+00	-1.895925399999999783e+01
1.697218999999999811e+00	-1.894794899999999771e+01
1.696140399999999993e+00	-1.895925399999999783e+01
1.695010800000000151e+00	-1.892533799999999999e+01
1.693731300000000051e+00	-1.888011499999999998e+01
1.692441899999999944e+00	-1.883489499999999950e+01
1.691234799999999927e+00	-1.883489499999999950e+01
1.689959199999999884e+00	-1.882358800000000087e+01
1.688574000000000019e+00	-1.884619899999999859e+01
1.687297000000000047e+00	-1.886881100000000089e+01
1.686151299999999909e+00	-1.881228300000000075e+01
1.684903600000000168e+00	-1.884619899999999859e+01
1.683554699999999960e+00	-1.884619899999999859e+01
1.682318800000000003e+00	-1.884619899999999859e+01
1.681194999999999995e+00	-1.885750399999999871e+01
1.679997100000000021e+00	-1.884619899999999859e+01
1.678707599999999855e+00	-1.889142199999999860e+01
1.677437000000000067e+00	-1.892533799999999999e+01
1.676173399999999925e+00	-1.885750399999999871e+01
1.674874399999999985e+00	-1.884619899999999859e+01
1.673570400000000014e+00	-1.880097699999999961e+01
1.672282900000000128e+00	-1.881228300000000075e+01
1.671061600000000036e+00	-1.880097699999999961e+01
1.669966200000000178e+00	-1.881228300000000075e+01
1.668868299999999971e+00	-1.883489499999999950e+01
1.667568000000000161e+00	-1.882358800000000087e+01
1.666118800000000011e+00	-1.882358800000000087e+01
1.664714400000000039e+00	-1.892533799999999999e+01
1.663489599999999902e+00	-1.886881100000000089e+01
1.662486700000000095e+00	-1.886881100000000089e+01
1.661499300000000012e+00	-1.888011499999999998e+01
1.660248199999999841e+00	-1.884619899999999859e+01
1.658792500000000114e+00	-1.885750399999999871e+01
1.657366200000000012e+00	-1.891403100000000137e+01
1.656028300000000009e+00	-1.892533799999999999e+01
1.654790099999999820e+00	-1.890272599999999770e+01
1.653688199999999942e+00	-1.889142199999999860e+01
1.652556200000000031e+00	-1.884619899999999859e+01
1.651236499999999996e+00	-1.885750399999999871e+01
1.649876099999999957e+00	-1.886881100000000089e+01
1.648606699999999980e+00	-1.892533799999999999e+01
1.647355200000000020e+00	-1.891403100000000137e+01
1.646098599999999967e+00	-1.892533799999999999e+01
1.644906399999999991e+00	-1.891403100000000137e+01
1.643746600000000058e+00	-1.888011499999999998e+01
1.642523999999999873e+00	-1.885750399999999871e+01
1.641272399999999854e+00	-1.884619899999999859e+01
1.640042800000000023e+00	-1.889142199999999860e+01
1.638774600000000081e+00	-1.889142199999999860e+01
1.637441000000000146e+00	-1.888011499999999998e+01
1.636118299999999914e+00	-1.883489499999999950e+01
1.634890200000000071e+00	-1.882358800000000087e+01
1.633721500000000049e+00	-1.888011499999999998e+01
1.632499600000000051e+00	-1.886881100000000089e+01
1.631235100000000049e+00	-1.886881100000000089e+01
1.630012900000000098e+00	-1.889142199999999860e+01
1.628784200000000126e+00	-1.885750399999999871e+01
1.627483899999999872e+00	-1.885750399999999871e+01
1.626178499999999971e+00	-1.884619899999999859e+01
1.624873900000000093e+00	-1.888011499999999998e+01
1.623466499999999924e+00	-1.889142199999999860e+01
1.622028699999999990e+00	-1.893664200000000264e+01
1.620831399999999922e+00	-1.891403100000000137e+01
1.619883999999999880e+00	-1.889142199999999860e+01
1.618842899999999974e+00	-1.891403100000000137e+01
1.617616100000000001e+00	-1.891403100000000137e+01
1.616442099999999993e+00	-1.886881100000000089e+01
1.615305800000000014e+00	-1.885750399999999871e+01
1.613963399999999826e+00	-1.888011499999999998e+01
1.612425899999999857e+00	-1.884619899999999859e+01
1.611007999999999996e+00	-1.888011499999999998e+01
1.609923899999999852e+00	-1.888011499999999998e+01
1.608938299999999932e+00	-1.891403100000000137e+01
1.607695600000000002e+00	-1.884619899999999859e+01
1.606258599999999870e+00	-1.885750399999999871e+01
1.604858799999999919e+00	-1.884619899999999859e+01
1.603549400000000125e+00	-1.886881100000000089e+01
1.602370699999999815e+00	-1.893664200000000264e+01
1.601281200000000071e+00	-1.894794899999999771e+01
1.600081099999999923e+00	-1.890272599999999770e+01
1.598729300000000020e+00	-1.890272599999999770e+01
1.597401000000000071e+00	-1.897055999999999898e+01
1.596208199999999966e+00	-1.892533799999999999e+01
1.595092699999999919e+00	-1.890272599999999770e+01
1.593958800000000009e+00	-1.889142199999999860e+01
1.592737399999999859e+00	-1.891403100000000137e+01
1.591417099999999918e+00	-1.886881100000000089e+01
1.590091200000000038e+00	-1.890272599999999770e+01
1.588797800000000038e+00	-1.891403100000000137e+01
1.587463499999999916e+00	-1.891403100000000137e+01
1.586079200000000133e+00	-1.889142199999999860e+01
1.584712099999999957e+00	-1.884619899999999859e+01
1.583420599999999956e+00	-1.886881100000000089e+01
1.582204299999999897e+00	-1.884619899999999859e+01
1.580988100000000118e+00	-1.888011499999999998e+01
1.579734200000000088e+00	-1.885750399999999871e+01
1.578494300000000017e+00	-1.884619899999999859e+01
1.577302999999999900e+00	-1.888011499999999998e+01
1.576095199999999918e+00	-1.890272599999999770e+01
1.574801300000000071e+00	-1.888011499999999998e+01
1.573491100000000031e+00	-1.886881100000000089e+01
1.572258500000000003e+00	-1.884619899999999859e+01
1.571058900000000147e+00	-1.882358800000000087e+01
1.569778499999999966e+00	-1.881228300000000075e+01
1.568417799999999973e+00	-1.886881100000000089e+01
1.567122200000000021e+00	-1.888011499999999998e+01
1.565957499999999891e+00	-1.885750399999999871e+01
1.564813099999999846e+00	-1.883489499999999950e+01
1.563597799999999927e+00	-1.884619899999999859e+01
1.562326699999999846e+00	-1.885750399999999871e+01
1.561060299999999845e+00	-1.878967199999999949e+01
1.559836100000000059e+00	-1.876706100000000177e+01
1.558590699999999885e+00	-1.881228300000000075e+01
1.557240799999999981e+00	-1.882358800000000087e+01
1.555826500000000001e+00	-1.885750399999999871e+01
1.554506399999999955e+00	-1.883489499999999950e+01
1.553351900000000008e+00	-1.882358800000000087e+01
1.552197400000000060e+00	-1.883489499999999950e+01
1.550942299999999996e+00	-1.877836699999999936e+01
1.549704500000000040e+00	-1.881228300000000075e+01
1.548490799999999945e+00	-1.884619899999999859e+01
1.547188199999999902e+00	-1.875575600000000165e+01
1.545824699999999829e+00	-1.877836699999999936e+01
1.544519299999999928e+00	-1.878967199999999949e+01
1.543304800000000032e+00	-1.876706100000000177e+01
1.542114099999999821e+00	-1.876706100000000177e+01
1.540857700000000108e+00	-1.876706100000000177e+01
1.539503699999999808e+00	-1.881228300000000075e+01
1.538122699999999954e+00	-1.878967199999999949e+01
1.536848000000000214e+00	-1.874445000000000050e+01
1.535716300000000034e+00	-1.873314500000000038e+01
1.534562199999999876e+00	-1.876706100000000177e+01
1.533284599999999998e+00	-1.875575600000000165e+01
1.532041399999999998e+00	-1.875575600000000165e+01
1.530883999999999912e+00	-1.873314500000000038e+01
1.529606699999999986e+00	-1.872184000000000026e+01
1.528160499999999811e+00	-1.871053400000000266e+01
1.526744800000000124e+00	-1.876706100000000177e+01
1.525476899999999914e+00	-1.876706100000000177e+01
1.524342000000000086e+00	-1.874445000000000050e+01
1.523276999999999992e+00	-1.877836699999999936e+01
1.522133100000000017e+00	-1.875575600000000165e+01
1.520827499999999999e+00	-1.873314500000000038e+01
1.519465400000000077e+00	-1.872184000000000026e+01
1.518211100000000036e+00	-1.871053400000000266e+01
1.517094000000000165e+00	-1.873314500000000038e+01
1.515943000000000040e+00	-1.873314500000000038e+01
1.514650999999999970e+00	-1.872184000000000026e+01
1.513301099999999844e+00	-1.875575600000000165e+01
1.511962400000000040e+00	-1.874445000000000050e+01
1.510628499999999930e+00	-1.877836699999999936e+01
1.509309500000000082e+00	-1.875575600000000165e+01
1.508068100000000022e+00	-1.875575600000000165e+01
1.506916900000000004e+00	-1.871053400000000266e+01
1.505791799999999903e+00	-1.873314500000000038e+01
1.504636100000000143e+00	-1.874445000000000050e+01
1.503384199999999948e+00	-1.872184000000000026e+01
1.502074999999999827e+00	-1.877836699999999936e+01
1.500818099999999822e+00	-1.877836699999999936e+01
1.499496900000000021e+00	-1.873314500000000038e+01
1.498040500000000108e+00	-1.874445000000000050e+01
1.496679799999999894e+00	-1.875575600000000165e+01
1.495492899999999903e+00	-1.873314500000000038e+01
1.494362599999999874e+00	-1.874445000000000050e+01
1.493263900000000088e+00	-1.873314500000000038e+01
1.492104300000000050e+00	-1.872184000000000026e+01
1.490787600000000213e+00	-1.871053400000000266e+01
1.489440699999999840e+00	-1.871053400000000266e+01
1.488112800000000124e+00	-1.876706100000000177e+01
1.486675600000000097e+00	-1.872184000000000026e+01
1.485241800000000056e+00	-1.878967199999999949e+01
1.484025900000000009e+00	-1.874445000000000050e+01
1.482887700000000031e+00	-1.869922900000000254e+01
1.481656499999999932e+00	-1.868792200000000037e+01
1.480460399999999899e+00	-1.875575600000000165e+01
1.479325899999999860e+00	-1.874445000000000050e+01
1.478043499999999844e+00	-1.869922900000000254e+01
1.476557000000000119e+00	-1.877836699999999936e+01
1.475098999999999938e+00	-1.876706100000000177e+01
1.473887900000000029e+00	-1.872184000000000026e+01
1.472810299999999906e+00	-1.878967199999999949e+01
1.471582200000000062e+00	-1.878967199999999949e+01
1.470202200000000126e+00	-1.876706100000000177e+01
1.468896200000000096e+00	-1.876706100000000177e+01
1.467699699999999829e+00	-1.875575600000000165e+01
1.466494399999999976e+00	-1.872184000000000026e+01
1.465258399999999961e+00	-1.873314500000000038e+01
1.464025800000000155e+00	-1.871053400000000266e+01
1.462825899999999901e+00	-1.875575600000000165e+01
1.461654599999999915e+00	-1.876706100000000177e+01
1.460459200000000068e+00	-1.874445000000000050e+01
