# ZSnsr (um)	Defl (nm)
1.759930300000000170e+00	-1.893664200000000264e+01
1.760427500000000034e+00	-1.885750399999999871e+01
1.760791500000000065e+00	-1.882358800000000087e+01
1.761239699999999964e+00	-1.878967199999999949e+01
1.761850299999999869e+00	-1.881228300000000075e+01
1.762564100000000078e+00	-1.880097699999999961e+01
1.763319599999999987e+00	-1.881228300000000075e+01
1.763982400000000172e+00	-1.886881100000000089e+01
1.764556500000000083e+00	-1.883489499999999950e+01
1.765230899999999936e+00	-1.883489499999999950e+01
1.766059199999999940e+00	-1.881228300000000075e+01
1.766938099999999956e+00	-1.881228300000000075e+01
1.767805300000000024e+00	-1.883489499999999950e+01
1.768616399999999977e+00	-1.882358800000000087e+01
1.769412399999999996e+00	-1.881228300000000075e+01
1.770267200000000152e+00	-1.880097699999999961e+01
1.771061500000000066e+00	-1.877836699999999936e+01
1.771719700000000008e+00	-1.878967199999999949e+01
1.772425499999999987e+00	-1.878967199999999949e+01
1.773324599999999807e+00	-1.881228300000000075e+01
1.774358499999999950e+00	-1.882358800000000087e+01
1.775371199999999927e+00	-1.886881100000000089e+01
1.776195299999999921e+00	-1.884619899999999859e+01
1.776818500000000078e+00	-1.883489499999999950e+01
1.777446300000000035e+00	-1.880097699999999961e+01
1.778261899999999951e+00	-1.882358800000000087e+01
1.779252700000000020e+00	-1.882358800000000087e+01
1.780313599999999941e+00	-1.878967199999999949e+01
1.781363000000000030e+00	-1.881228300000000075e+01
1.782316299999999964e+00	-1.883489499999999950e+01
1.783091599999999888e+00	-1.883489499999999950e+01
1.783787600000000140e+00	-1.884619899999999859e+01
1.784632800000000019e+00	-1.885750399999999871e+01
1.785574299999999948e+00	-1.878967199999999949e+01
1.786372300000000024e+00	-1.878967199999999949e+01
1.787140900000000032e+00	-1.878967199999999949e+01
1.788138199999999900e+00	-1.882358800000000087e+01
1.789194699999999916e+00	-1.888011499999999998e+01
1.790056000000000092e+00	-1.883489499999999950e+01
1.790897799999999984e+00	-1.889142199999999860e+01
1.791913000000000089e+00	-1.884619899999999859e+01
1.792925300000000055e+00	-1.875575600000000165e+01
1.793749700000000002e+00	-1.874445000000000050e+01
1.794443100000000069e+00	-1.880097699999999961e+01
1.795183200000000090e+00	-1.885750399999999871e+01
1.796103199999999900e+00	-1.883489499999999950e+01
1.797132299999999905e+00	-1.884619899999999859e+01
1.798120500000000010e+00	-1.883489499999999950e+01
1.799074399999999851e+00	-1.883489499999999950e+01
1.800062399999999840e+00	-1.882358800000000087e+01
1.801043699999999914e+00	-1.886881100000000089e+01
1.801898200000000116e+00	-1.883489499999999950e+01
1.802608699999999953e+00	-1.880097699999999961e+01
1.803347000000000033e+00	-1.883489499999999950e+01
1.804281199999999918e+00	-1.886881100000000089e+01
1.805390800000000073e+00	-1.882358800000000087e+01
1.806501099999999971e+00	-1.883489499999999950e+01
1.807468499999999922e+00	-1.878967199999999949e+01
1.808316800000000057e+00	-1.880097699999999961e+01
1.809196400000000038e+00	-1.880097699999999961e+01
1.810204499999999994e+00	-1.878967199999999949e+01
1.811208900000000011e+00	-1.880097699999999961e+01
1.812055499999999819e+00	-1.877836699999999936e+01
1.812855499999999953e+00	-1.882358800000000087e+01
1.813754699999999831e+00	-1.884619899999999859e+01
1.814776699999999909e+00	-1.877836699999999936e+01
1.815907199999999833e+00	-1.881228300000000075e+01
1.816982899999999956e+00	-1.880097699999999961e+01
1.817837600000000053e+00	-1.882358800000000087e+01
1.818594199999999939e+00	-1.878967199999999949e+01
1.819446499999999967e+00	-1.878967199999999949e+01
1.820405800000000074e+00	-1.884619899999999859e+01
1.821442999999999923e+00	-1.878967199999999949e+01
1.822543600000000152e+00	-1.875575600000000165e+01
1.823573800000000134e+00	-1.875575600000000165e+01
1.824431899999999995e+00	-1.874445000000000050e+01
1.825272900000000087e+00	-1.875575600000000165e+01
1.826261600000000040e+00	-1.877836699999999936e+01
1.827293100000000114e+00	-1.881228300000000075e+01
1.828220100000000015e+00	-1.878967199999999949e+01
1.829076499999999994e+00	-1.878967199999999949e+01
1.829961100000000007e+00	-1.875575600000000165e+01
1.830948099999999856e+00	-1.875575600000000165e+01
1.831977900000000048e+00	-1.877836699999999936e+01
1.832855600000000029e+00	-1.881228300000000075e+01
1.833618299999999923e+00	-1.876706100000000177e+01
1.834522100000000044e+00	-1.878967199999999949e+01
1.835590499999999903e+00	-1.881228300000000075e+01
1.836633600000000088e+00	-1.880097699999999961e+01
1.837592200000000009e+00	-1.881228300000000075e+01
1.838582399999999950e+00	-1.878967199999999949e+01
1.839633300000000027e+00	-1.880097699999999961e+01
1.840602499999999919e+00	-1.878967199999999949e+01
1.841474300000000008e+00	-1.881228300000000075e+01
1.842420300000000122e+00	-1.882358800000000087e+01
1.843489900000000015e+00	-1.882358800000000087e+01
1.844550200000000029e+00	-1.885750399999999871e+01
1.845499000000000001e+00	-1.885750399999999871e+01
1.846353399999999922e+00	-1.888011499999999998e+01
1.847167400000000015e+00	-1.891403100000000137e+01
1.848018699999999903e+00	-1.889142199999999860e+01
1.848988899999999935e+00	-1.894794899999999771e+01
1.850044000000000022e+00	-1.888011499999999998e+01
1.851064600000000171e+00	-1.883489499999999950e+01
1.851993699999999965e+00	-1.886881100000000089e+01
1.852907899999999941e+00	-1.890272599999999770e+01
1.853928899999999880e+00	-1.891403100000000137e+01
1.855033400000000166e+00	-1.889142199999999860e+01
1.856073300000000037e+00	-1.889142199999999860e+01
1.856981599999999899e+00	-1.890272599999999770e+01
1.857831400000000022e+00	-1.891403100000000137e+01
1.858736600000000072e+00	-1.891403100000000137e+01
1.859726100000000049e+00	-1.890272599999999770e+01
1.860744200000000070e+00	-1.888011499999999998e+01
1.861752700000000038e+00	-1.888011499999999998e+01
1.862721500000000141e+00	-1.891403100000000137e+01
1.863638300000000081e+00	-1.894794899999999771e+01
1.864579799999999787e+00	-1.893664200000000264e+01
1.865597100000000008e+00	-1.893664200000000264e+01
1.866607799999999928e+00	-1.894794899999999771e+01
1.867528700000000041e+00	-1.893664200000000264e+01
1.868418099999999971e+00	-1.890272599999999770e+01
1.869421699999999964e+00	-1.892533799999999999e+01
1.870568999999999926e+00	-1.895925399999999783e+01
1.871697299999999897e+00	-1.897055999999999898e+01
1.872677999999999843e+00	-1.901578100000000049e+01
1.873568499999999970e+00	-1.900447600000000037e+01
1.874483600000000028e+00	-1.899317000000000277e+01
1.875440400000000007e+00	-1.895925399999999783e+01
1.876339500000000049e+00	-1.894794899999999771e+01
1.877138299999999926e+00	-1.893664200000000264e+01
1.877981699999999865e+00	-1.890272599999999770e+01
1.879033399999999965e+00	-1.895925399999999783e+01
1.880253100000000011e+00	-1.897055999999999898e+01
1.881426799999999844e+00	-1.897055999999999898e+01
1.882397099999999934e+00	-1.894794899999999771e+01
1.883246699999999940e+00	-1.893664200000000264e+01
1.884184899999999940e+00	-1.895925399999999783e+01
1.885198900000000011e+00	-1.893664200000000264e+01
1.886128000000000027e+00	-1.894794899999999771e+01
1.887037999999999993e+00	-1.895925399999999783e+01
1.888071999999999973e+00	-1.893664200000000264e+01
1.889184699999999939e+00	-1.897055999999999898e+01
1.890252199999999938e+00	-1.898186499999999910e+01
1.891227000000000213e+00	-1.900447600000000037e+01
1.892173500000000175e+00	-1.897055999999999898e+01
1.893155499999999991e+00	-1.893664200000000264e+01
1.894159800000000171e+00	-1.895925399999999783e+01
1.895186199999999932e+00	-1.899317000000000277e+01
1.896245299999999911e+00	-1.897055999999999898e+01
1.897266399999999908e+00	-1.898186499999999910e+01
1.898183399999999965e+00	-1.892533799999999999e+01
1.899072300000000046e+00	-1.898186499999999910e+01
1.900020000000000042e+00	-1.898186499999999910e+01
1.901003900000000080e+00	-1.897055999999999898e+01
1.902004000000000028e+00	-1.893664200000000264e+01
1.903010700000000055e+00	-1.892533799999999999e+01
1.903985299999999992e+00	-1.893664200000000264e+01
1.904921400000000098e+00	-1.892533799999999999e+01
1.905842599999999942e+00	-1.889142199999999860e+01
1.906814800000000032e+00	-1.892533799999999999e+01
1.907868400000000131e+00	-1.888011499999999998e+01
1.908866600000000080e+00	-1.898186499999999910e+01
1.909764299999999970e+00	-1.892533799999999999e+01
1.910733100000000073e+00	-1.893664200000000264e+01
1.911788600000000171e+00	-1.894794899999999771e+01
1.912826299999999868e+00	-1.894794899999999771e+01
1.913841499999999973e+00	-1.895925399999999783e+01
1.914802400000000127e+00	-1.895925399999999783e+01
1.915753700000000226e+00	-1.898186499999999910e+01
1.916837400000000136e+00	-1.895925399999999783e+01
1.917969300000000210e+00	-1.900447600000000037e+01
1.918930099999999861e+00	-1.903839200000000176e+01
1.919718000000000035e+00	-1.899317000000000277e+01
1.920521799999999946e+00	-1.900447600000000037e+01
1.921486299999999980e+00	-1.900447600000000037e+01
1.922612199999999882e+00	-1.894794899999999771e+01
1.923720899999999956e+00	-1.895925399999999783e+01
1.924638799999999872e+00	-1.900447600000000037e+01
1.925545300000000015e+00	-1.897055999999999898e+01
1.926669900000000268e+00	-1.895925399999999783e+01
1.927816400000000208e+00	-1.897055999999999898e+01
1.928763100000000064e+00	-1.900447600000000037e+01
1.929609399999999919e+00	-1.897055999999999898e+01
1.930482099999999868e+00	-1.898186499999999910e+01
1.931438600000000116e+00	-1.897055999999999898e+01
1.932489600000000030e+00	-1.894794899999999771e+01
1.933566600000000024e+00	-1.892533799999999999e+01
1.934646899999999947e+00	-1.895925399999999783e+01
1.935712400000000111e+00	-1.892533799999999999e+01
1.936698300000000206e+00	-1.895925399999999783e+01
1.937666199999999783e+00	-1.900447600000000037e+01
1.938734599999999864e+00	-1.897055999999999898e+01
1.939818499999999890e+00	-1.895925399999999783e+01
1.940732300000000077e+00	-1.898186499999999910e+01
1.941483600000000198e+00	-1.900447600000000037e+01
1.942290499999999920e+00	-1.894794899999999771e+01
1.943357299999999954e+00	-1.899317000000000277e+01
1.944623800000000013e+00	-1.901578100000000049e+01
1.945823399999999870e+00	-1.899317000000000277e+01
1.946846899999999936e+00	-1.898186499999999910e+01
1.947787000000000157e+00	-1.898186499999999910e+01
1.948737199999999836e+00	-1.898186499999999910e+01
1.949746999999999897e+00	-1.898186499999999910e+01
1.950773599999999997e+00	-1.897055999999999898e+01
1.951709499999999986e+00	-1.898186499999999910e+01
1.952568700000000046e+00	-1.901578100000000049e+01
1.953480499999999953e+00	-1.898186499999999910e+01
1.954500200000000021e+00	-1.897055999999999898e+01
1.955584400000000223e+00	-1.898186499999999910e+01
1.956686699999999890e+00	-1.897055999999999898e+01
1.957759399999999816e+00	-1.894794899999999771e+01
1.958755299999999755e+00	-1.893664200000000264e+01
1.959688700000000061e+00	-1.894794899999999771e+01
1.960645000000000193e+00	-1.899317000000000277e+01
1.961705000000000032e+00	-1.900447600000000037e+01
1.962842799999999999e+00	-1.898186499999999910e+01
1.963915800000000100e+00	-1.895925399999999783e+01
1.964804599999999901e+00	-1.897055999999999898e+01
1.965571999999999875e+00	-1.897055999999999898e+01
1.966438499999999756e+00	-1.898186499999999910e+01
1.967555100000000223e+00	-1.895925399999999783e+01
1.968812299999999738e+00	-1.899317000000000277e+01
1.969967300000000199e+00	-1.894794899999999771e+01
1.970954600000000001e+00	-1.890272599999999770e+01
1.971919100000000036e+00	-1.891403100000000137e+01
1.972924799999999923e+00	-1.899317000000000277e+01
1.973884500000000042e+00	-1.899317000000000277e+01
1.974839499999999859e+00	-1.894794899999999771e+01
1.975915700000000275e+00	-1.898186499999999910e+01
1.977032499999999970e+00	-1.892533799999999999e+01
1.978031199999999989e+00	-1.892533799999999999e+01
1.978919499999999720e+00	-1.889142199999999860e+01
1.979812899999999765e+00	-1.889142199999999860e+01
1.980788699999999736e+00	-1.892533799999999999e+01
1.981851700000000216e+00	-1.899317000000000277e+01
1.982965799999999890e+00	-1.901578100000000049e+01
1.984074699999999858e+00	-1.898186499999999910e+01
1.985134500000000024e+00	-1.898186499999999910e+01
1.986147700000000071e+00	-1.895925399999999783e+01
1.987086500000000200e+00	-1.894794899999999771e+01
1.987965600000000110e+00	-1.898186499999999910e+01
1.988920499999999869e+00	-1.901578100000000049e+01
1.989945799999999876e+00	-1.901578100000000049e+01
1.990909400000000051e+00	-1.901578100000000049e+01
1.991836599999999846e+00	-1.902708700000000164e+01
1.992821800000000199e+00	-1.902708700000000164e+01
1.993909600000000282e+00	-1.900447600000000037e+01
1.995072100000000237e+00	-1.901578100000000049e+01
1.996175999999999728e+00	-1.903839200000000176e+01
1.997165800000000102e+00	-1.899317000000000277e+01
1.998169899999999943e+00	-1.900447600000000037e+01
1.999247199999999891e+00	-1.899317000000000277e+01
2.000233700000000336e+00	-1.901578100000000049e+01
2.001093000000000011e+00	-1.901578100000000049e+01
2.002074600000000260e+00	-1.895925399999999783e+01
2.003227800000000336e+00	-1.895925399999999783e+01
2.004312600000000000e+00	-1.901578100000000049e+01
2.005292300000000250e+00	-1.898186499999999910e+01
2.006333500000000214e+00	-1.898186499999999910e+01
2.007387799999999611e+00	-1.899317000000000277e+01
2.008328200000000230e+00	-1.900447600000000037e+01
2.009282799999999813e+00	-1.904969700000000188e+01
2.010335300000000380e+00	-1.901578100000000049e+01
2.011338200000000409e+00	-1.901578100000000049e+01
2.012258799999999681e+00	-1.901578100000000049e+01
2.013245400000000185e+00	-1.900447600000000037e+01
2.014347700000000074e+00	-1.903839200000000176e+01
2.015488700000000133e+00	-1.901578100000000049e+01
2.016630600000000051e+00	-1.899317000000000277e+01
2.017722199999999688e+00	-1.901578100000000049e+01
2.018665300000000329e+00	-1.895925399999999783e+01
2.019538700000000020e+00	-1.899317000000000277e+01
2.020571400000000128e+00	-1.898186499999999910e+01
2.021791299999999847e+00	-1.900447600000000037e+01
2.022961299999999962e+00	-1.899317000000000277e+01
2.023890799999999768e+00	-1.892533799999999999e+01
2.024688199999999938e+00	-1.893664200000000264e+01
2.025596799999999753e+00	-1.897055999999999898e+01
2.026623599999999747e+00	-1.895925399999999783e+01
2.027653200000000044e+00	-1.890272599999999770e+01
2.028748400000000007e+00	-1.894794899999999771e+01
2.029919600000000379e+00	-1.892533799999999999e+01
2.030939199999999722e+00	-1.897055999999999898e+01
2.031713600000000230e+00	-1.900447600000000037e+01
2.032493999999999801e+00	-1.901578100000000049e+01
2.033517100000000077e+00	-1.901578100000000049e+01
2.034678999999999682e+00	-1.902708700000000164e+01
2.035775699999999855e+00	-1.902708700000000164e+01
2.036797699999999711e+00	-1.903839200000000176e+01
2.037763400000000225e+00	-1.898186499999999910e+01
2.038685799999999659e+00	-1.895925399999999783e+01
2.039694400000000130e+00	-1.897055999999999898e+01
2.040805399999999992e+00	-1.897055999999999898e+01
2.041889999999999983e+00	-1.900447600000000037e+01
2.042924300000000137e+00	-1.899317000000000277e+01
2.043956099999999942e+00	-1.900447600000000037e+01
2.045009099999999691e+00	-1.893664200000000264e+01
2.046100500000000100e+00	-1.902708700000000164e+01
2.047195499999999946e+00	-1.899317000000000277e+01
2.048182800000000192e+00	-1.895925399999999783e+01
2.049066300000000229e+00	-1.893664200000000264e+01
2.050029899999999738e+00	-1.894794899999999771e+01
2.051111600000000035e+00	-1.891403100000000137e+01
2.052165399999999806e+00	-1.895925399999999783e+01
2.053161100000000072e+00	-1.891403100000000137e+01
2.054187000000000207e+00	-1.889142199999999860e+01
2.055271099999999684e+00	-1.894794899999999771e+01
2.056372500000000159e+00	-1.900447600000000037e+01
2.057468700000000261e+00	-1.899317000000000277e+01
2.058506400000000180e+00	-1.898186499999999910e+01
2.059454799999999697e+00	-1.891403100000000137e+01
2.060395699999999941e+00	-1.895925399999999783e+01
2.061344300000000018e+00	-1.894794899999999771e+01
2.062271299999999918e+00	-1.893664200000000264e+01
2.063291500000000056e+00	-1.898186499999999910e+01
2.064484300000000161e+00	-1.892533799999999999e+01
2.065670499999999965e+00	-1.897055999999999898e+01
2.066628399999999921e+00	-1.897055999999999898e+01
2.067461299999999724e+00	-1.895925399999999783e+01
2.068453799999999898e+00	-1.898186499999999910e+01
2.069608600000000020e+00	-1.898186499999999910e+01
2.070688400000000318e+00	-1.899317000000000277e+01
2.071618200000000076e+00	-1.901578100000000049e+01
2.072565400000000224e+00	-1.895925399999999783e+01
2.073652499999999677e+00	-1.898186499999999910e+01
2.074783899999999903e+00	-1.897055999999999898e+01
2.075872099999999776e+00	-1.900447600000000037e+01
2.076968900000000229e+00	-1.904969700000000188e+01
2.078054900000000149e+00	-1.902708700000000164e+01
2.079046899999999809e+00	-1.902708700000000164e+01
2.079995999999999956e+00	-1.900447600000000037e+01
2.080971200000000021e+00	-1.900447600000000037e+01
2.081965699999999586e+00	-1.906100299999999947e+01
2.083023199999999964e+00	-1.903839200000000176e+01
2.084128900000000062e+00	-1.907230799999999959e+01
2.085158500000000359e+00	-1.902708700000000164e+01
2.086128500000000052e+00	-1.901578100000000049e+01
2.087136600000000008e+00	-1.899317000000000277e+01
2.088134399999999946e+00	-1.901578100000000049e+01
2.089075899999999653e+00	-1.900447600000000037e+01
2.090036099999999841e+00	-1.906100299999999947e+01
2.091083600000000153e+00	-1.899317000000000277e+01
2.092254799999999637e+00	-1.894794899999999771e+01
2.093512599999999946e+00	-1.897055999999999898e+01
2.094674299999999878e+00	-1.899317000000000277e+01
2.095651999999999848e+00	-1.898186499999999910e+01
2.096595399999999998e+00	-1.899317000000000277e+01
2.097614500000000159e+00	-1.901578100000000049e+01
2.098662399999999817e+00	-1.898186499999999910e+01
2.099685200000000140e+00	-1.900447600000000037e+01
2.100688599999999795e+00	-1.898186499999999910e+01
2.101752400000000076e+00	-1.900447600000000037e+01
2.102904500000000176e+00	-1.899317000000000277e+01
2.104018700000000131e+00	-1.898186499999999910e+01
2.105010500000000118e+00	-1.900447600000000037e+01
2.105980699999999928e+00	-1.899317000000000277e+01
2.107013399999999592e+00	-1.899317000000000277e+01
2.108039999999999914e+00	-1.897055999999999898e+01
2.109022500000000022e+00	-1.902708700000000164e+01
2.109994499999999995e+00	-1.902708700000000164e+01
2.110962400000000017e+00	-1.894794899999999771e+01
2.111953799999999770e+00	-1.899317000000000277e+01
2.112963099999999983e+00	-1.899317000000000277e+01
2.113994699999999671e+00	-1.898186499999999910e+01
2.115129299999999990e+00	-1.898186499999999910e+01
2.116279800000000044e+00	-1.899317000000000277e+01
2.117254999999999665e+00	-1.901578100000000049e+01
2.118146499999999932e+00	-1.901578100000000049e+01
2.119208800000000004e+00	-1.899317000000000277e+01
2.120385900000000046e+00	-1.899317000000000277e+01
2.121395000000000142e+00	-1.898186499999999910e+01
2.122275000000000134e+00	-1.895925399999999783e+01
2.123310699999999773e+00	-1.893664200000000264e+01
2.124506400000000017e+00	-1.892533799999999999e+01
2.125673700000000110e+00	-1.892533799999999999e+01
2.126756499999999939e+00	-1.892533799999999999e+01
2.127768099999999940e+00	-1.888011499999999998e+01
2.128770099999999665e+00	-1.893664200000000264e+01
2.129856300000000147e+00	-1.895925399999999783e+01
2.130952500000000249e+00	-1.897055999999999898e+01
2.131890400000000074e+00	-1.889142199999999860e+01
2.132673899999999900e+00	-1.890272599999999770e+01
2.133529499999999857e+00	-1.888011499999999998e+01
2.134633899999999862e+00	-1.884619899999999859e+01
2.135831000000000035e+00	-1.885750399999999871e+01
2.136911900000000308e+00	-1.888011499999999998e+01
2.137959899999999802e+00	-1.888011499999999998e+01
2.139047600000000049e+00	-1.884619899999999859e+01
2.140057400000000332e+00	-1.883489499999999950e+01
2.141010099999999916e+00	-1.886881100000000089e+01
2.142054200000000019e+00	-1.888011499999999998e+01
2.143158099999999955e+00	-1.889142199999999860e+01
2.144186299999999878e+00	-1.892533799999999999e+01
2.145148100000000113e+00	-1.890272599999999770e+01
2.146170799999999712e+00	-1.885750399999999871e+01
2.147258099999999725e+00	-1.888011499999999998e+01
2.148297899999999760e+00	-1.889142199999999860e+01
2.149317399999999711e+00	-1.891403100000000137e+01
2.150405899999999981e+00	-1.888011499999999998e+01
2.151489299999999716e+00	-1.888011499999999998e+01
2.152462700000000062e+00	-1.889142199999999860e+01
2.153397200000000122e+00	-1.889142199999999860e+01
2.154402900000000010e+00	-1.892533799999999999e+01
2.155471499999999985e+00	-1.889142199999999860e+01
2.156601799999999791e+00	-1.884619899999999859e+01
2.157762299999999911e+00	-1.888011499999999998e+01
2.158841000000000232e+00	-1.885750399999999871e+01
2.159857300000000091e+00	-1.886881100000000089e+01
2.160939400000000177e+00	-1.890272599999999770e+01
2.162083500000000047e+00	-1.884619899999999859e+01
2.163119500000000084e+00	-1.881228300000000075e+01
2.163973499999999994e+00	-1.881228300000000075e+01
2.164815700000000120e+00	-1.883489499999999950e+01
2.165803400000000156e+00	-1.885750399999999871e+01
2.166923199999999827e+00	-1.885750399999999871e+01
2.168114199999999769e+00	-1.886881100000000089e+01
2.169339700000000093e+00	-1.890272599999999770e+01
2.170533199999999940e+00	-1.884619899999999859e+01
2.171597499999999847e+00	-1.878967199999999949e+01
2.172520500000000077e+00	-1.880097699999999961e+01
2.173400200000000115e+00	-1.886881100000000089e+01
2.174329200000000295e+00	-1.882358800000000087e+01
2.175336699999999901e+00	-1.886881100000000089e+01
2.176429000000000169e+00	-1.883489499999999950e+01
2.177623399999999876e+00	-1.880097699999999961e+01
2.178888699999999901e+00	-1.878967199999999949e+01
2.180099300000000184e+00	-1.881228300000000075e+01
2.181181299999999990e+00	-1.884619899999999859e+01
2.182177199999999928e+00	-1.882358800000000087e+01
2.183158800000000177e+00	-1.882358800000000087e+01
2.184222899999999967e+00	-1.876706100000000177e+01
2.185371200000000069e+00	-1.875575600000000165e+01
2.186432500000000001e+00	-1.882358800000000087e+01
2.187340199999999957e+00	-1.880097699999999961e+01
2.188279300000000038e+00	-1.878967199999999949e+01
2.189301100000000222e+00	-1.880097699999999961e+01
2.190241700000000069e+00	-1.874445000000000050e+01
2.191172099999999734e+00	-1.875575600000000165e+01
2.192285400000000273e+00	-1.877836699999999936e+01
2.193560900000000036e+00	-1.881228300000000075e+01
2.194868099999999878e+00	-1.881228300000000075e+01
2.196049499999999988e+00	-1.882358800000000087e+01
2.197035699999999814e+00	-1.877836699999999936e+01
2.197928300000000057e+00	-1.877836699999999936e+01
2.198875800000000158e+00	-1.876706100000000177e+01
2.199937400000000043e+00	-1.881228300000000075e+01
2.201016300000000037e+00	-1.881228300000000075e+01
2.202036299999999613e+00	-1.876706100000000177e+01
2.203061500000000006e+00	-1.875575600000000165e+01
2.204110399999999803e+00	-1.878967199999999949e+01
2.205154900000000140e+00	-1.881228300000000075e+01
2.206224300000000138e+00	-1.884619899999999859e+01
2.207289799999999858e+00	-1.876706100000000177e+01
2.208302699999999952e+00	-1.878967199999999949e+01
2.209344100000000033e+00	-1.875575600000000165e+01
2.210499099999999828e+00	-1.873314500000000038e+01
2.211676499999999823e+00	-1.880097699999999961e+01
2.212724399999999925e+00	-1.873314500000000038e+01
2.213655500000000220e+00	-1.867661800000000127e+01
2.214584599999999792e+00	-1.871053400000000266e+01
2.215589599999999937e+00	-1.869922900000000254e+01
2.216715100000000049e+00	-1.871053400000000266e+01
2.217915399999999870e+00	-1.872184000000000026e+01
2.219057899999999695e+00	-1.873314500000000038e+01
2.220059500000000074e+00	-1.872184000000000026e+01
2.220959699999999870e+00	-1.869922900000000254e+01
2.221900600000000114e+00	-1.866531299999999760e+01
2.222962599999999789e+00	-1.874445000000000050e+01
2.224060599999999610e+00	-1.874445000000000050e+01
2.225106499999999876e+00	-1.871053400000000266e+01
2.226129300000000200e+00	-1.873314500000000038e+01
2.227197199999999988e+00	-1.874445000000000050e+01
2.228302300000000180e+00	-1.869922900000000254e+01
2.229411599999999716e+00	-1.868792200000000037e+01
2.230553299999999961e+00	-1.865400600000000253e+01
2.231690599999999858e+00	-1.869922900000000254e+01
2.232725799999999872e+00	-1.869922900000000254e+01
2.233666499999999999e+00	-1.869922900000000254e+01
2.234568000000000332e+00	-1.865400600000000253e+01
2.235457900000000109e+00	-1.860878399999999999e+01
2.236426999999999943e+00	-1.866531299999999760e+01
2.237558200000000053e+00	-1.864270199999999988e+01
2.238740299999999905e+00	-1.860878399999999999e+01
2.239802100000000351e+00	-1.864270199999999988e+01
2.240781399999999923e+00	-1.865400600000000253e+01
2.241817999999999866e+00	-1.863139500000000126e+01
2.242904200000000348e+00	-1.862009000000000114e+01
2.243939899999999987e+00	-1.859747899999999987e+01
2.244919000000000331e+00	-1.860878399999999999e+01
2.245933299999999910e+00	-1.862009000000000114e+01
2.247025599999999734e+00	-1.862009000000000114e+01
2.248162699999999958e+00	-1.859747899999999987e+01
2.249295000000000044e+00	-1.862009000000000114e+01
2.250393000000000310e+00	-1.864270199999999988e+01
2.251511700000000005e+00	-1.864270199999999988e+01
2.252665100000000198e+00	-1.867661800000000127e+01
2.253743100000000332e+00	-1.864270199999999988e+01
2.254733299999999829e+00	-1.863139500000000126e+01
2.255778300000000236e+00	-1.867661800000000127e+01
2.256887499999999935e+00	-1.873314500000000038e+01
2.257883999999999780e+00	-1.871053400000000266e+01
2.258788099999999854e+00	-1.867661800000000127e+01
2.259815099999999966e+00	-1.871053400000000266e+01
2.260972900000000063e+00	-1.869922900000000254e+01
2.262103599999999659e+00	-1.871053400000000266e+01
2.263156800000000413e+00	-1.874445000000000050e+01
2.264172999999999991e+00	-1.871053400000000266e+01
2.265170899999999765e+00	-1.873314500000000038e+01
2.266185699999999859e+00	-1.873314500000000038e+01
2.267284099999999913e+00	-1.867661800000000127e+01
2.268476000000000159e+00	-1.869922900000000254e+01
2.269673599999999958e+00	-1.872184000000000026e+01
2.270742899999999675e+00	-1.876706100000000177e+01
2.271683099999999733e+00	-1.869922900000000254e+01
2.272672599999999932e+00	-1.869922900000000254e+01
2.273796799999999951e+00	-1.868792200000000037e+01
2.274947300000000006e+00	-1.875575600000000165e+01
2.276013899999999701e+00	-1.872184000000000026e+01
2.276994800000000208e+00	-1.871053400000000266e+01
2.277986399999999634e+00	-1.875575600000000165e+01
2.279091900000000059e+00	-1.873314500000000038e+01
2.280276000000000192e+00	-1.868792200000000037e+01
2.281385199999999891e+00	-1.868792200000000037e+01
2.282360100000000003e+00	-1.872184000000000026e+01
2.283321000000000378e+00	-1.873314500000000038e+01
2.284397400000000022e+00	-1.867661800000000127e+01
2.285544699999999985e+00	-1.867661800000000127e+01
2.286632699999999740e+00	-1.867661800000000127e+01
2.287683200000000028e+00	-1.867661800000000127e+01
2.288817499999999949e+00	-1.865400600000000253e+01
2.290032599999999974e+00	-1.868792200000000037e+01
2.291205000000000158e+00	-1.868792200000000037e+01
2.292263199999999834e+00	-1.866531299999999760e+01
2.293227499999999974e+00	-1.868792200000000037e+01
2.294138799999999812e+00	-1.862009000000000114e+01
2.295093699999999792e+00	-1.864270199999999988e+01
2.296179700000000157e+00	-1.867661800000000127e+01
2.297297399999999712e+00	-1.862009000000000114e+01
2.298345900000000164e+00	-1.865400600000000253e+01
2.299458400000000236e+00	-1.866531299999999760e+01
2.300681899999999835e+00	-1.860878399999999999e+01
2.301810999999999829e+00	-1.866531299999999760e+01
2.302827399999999969e+00	-1.869922900000000254e+01
2.303888800000000181e+00	-1.872184000000000026e+01
2.304971099999999939e+00	-1.872184000000000026e+01
2.306036499999999823e+00	-1.866531299999999760e+01
2.307128200000000184e+00	-1.866531299999999760e+01
2.308186800000000094e+00	-1.868792200000000037e+01
2.309190699999999818e+00	-1.862009000000000114e+01
2.310247500000000009e+00	-1.864270199999999988e+01
2.311331400000000258e+00	-1.864270199999999988e+01
2.312358200000000252e+00	-1.863139500000000126e+01
2.313430700000000062e+00	-1.864270199999999988e+01
2.314578999999999720e+00	-1.863139500000000126e+01
2.315651299999999857e+00	-1.867661800000000127e+01
2.316644199999999820e+00	-1.867661800000000127e+01
2.317691299999999899e+00	-1.867661800000000127e+01
2.318818100000000104e+00	-1.865400600000000253e+01
2.319921400000000133e+00	-1.867661800000000127e+01
2.320944299999999849e+00	-1.865400600000000253e+01
2.321973199999999959e+00	-1.868792200000000037e+01
2.323044299999999840e+00	-1.867661800000000127e+01
2.324097699999999822e+00	-1.866531299999999760e+01
2.325175000000000214e+00	-1.863139500000000126e+01
2.326293000000000166e+00	-1.859747899999999987e+01
2.327330100000000179e+00	-1.863139500000000126e+01
2.328344599999999875e+00	-1.860878399999999999e+01
2.329508600000000040e+00	-1.860878399999999999e+01
2.330713000000000257e+00	-1.863139500000000126e+01
2.331786600000000043e+00	-1.862009000000000114e+01
2.332821599999999940e+00	-1.860878399999999999e+01
2.333909400000000023e+00	-1.860878399999999999e+01
2.334952299999999870e+00	-1.866531299999999760e+01
2.335903899999999922e+00	-1.864270199999999988e+01
2.336848400000000048e+00	-1.860878399999999999e+01
2.337854499999999724e+00	-1.858617399999999975e+01
2.338963000000000125e+00	-1.858617399999999975e+01
2.340162199999999970e+00	-1.858617399999999975e+01
2.341289200000000292e+00	-1.862009000000000114e+01
2.342243300000000250e+00	-1.863139500000000126e+01
2.343211699999999897e+00	-1.864270199999999988e+01
2.344338099999999869e+00	-1.865400600000000253e+01
2.345464100000000052e+00	-1.864270199999999988e+01
2.346489500000000117e+00	-1.858617399999999975e+01
2.347522000000000109e+00	-1.856356299999999848e+01
2.348598200000000080e+00	-1.855225699999999733e+01
2.349720699999999773e+00	-1.857486799999999860e+01
2.350919199999999876e+00	-1.856356299999999848e+01
2.352082900000000087e+00	-1.857486799999999860e+01
2.353113600000000361e+00	-1.863139500000000126e+01
2.354106300000000207e+00	-1.867661800000000127e+01
2.355139700000000058e+00	-1.863139500000000126e+01
2.356182400000000232e+00	-1.863139500000000126e+01
2.357229999999999936e+00	-1.863139500000000126e+01
2.358310700000000093e+00	-1.863139500000000126e+01
2.359426200000000140e+00	-1.865400600000000253e+01
2.360522599999999915e+00	-1.856356299999999848e+01
2.361558899999999905e+00	-1.858617399999999975e+01
2.362637600000000226e+00	-1.856356299999999848e+01
2.363822700000000054e+00	-1.858617399999999975e+01
2.364991400000000077e+00	-1.856356299999999848e+01
2.366128000000000231e+00	-1.860878399999999999e+01
2.367336700000000071e+00	-1.863139500000000126e+01
2.368501999999999885e+00	-1.857486799999999860e+01
2.369432199999999877e+00	-1.857486799999999860e+01
2.370268199999999936e+00	-1.855225699999999733e+01
2.371271399999999918e+00	-1.859747899999999987e+01
2.372420600000000324e+00	-1.857486799999999860e+01
2.373618800000000029e+00	-1.854095200000000077e+01
2.374878499999999892e+00	-1.852964700000000065e+01
2.376114899999999697e+00	-1.856356299999999848e+01
2.377213100000000079e+00	-1.855225699999999733e+01
2.378198999999999952e+00	-1.860878399999999999e+01
2.379158600000000234e+00	-1.864270199999999988e+01
2.380184900000000159e+00	-1.857486799999999860e+01
2.381301999999999808e+00	-1.857486799999999860e+01
2.382376799999999850e+00	-1.858617399999999975e+01
2.383312199999999770e+00	-1.860878399999999999e+01
2.384232400000000140e+00	-1.860878399999999999e+01
2.385276500000000244e+00	-1.857486799999999860e+01
2.386412200000000094e+00	-1.858617399999999975e+01
2.387599999999999945e+00	-1.863139500000000126e+01
2.388811000000000018e+00	-1.858617399999999975e+01
2.389914700000000281e+00	-1.854095200000000077e+01
2.390871900000000050e+00	-1.857486799999999860e+01
2.391849600000000020e+00	-1.857486799999999860e+01
2.393007000000000328e+00	-1.857486799999999860e+01
2.394297100000000178e+00	-1.858617399999999975e+01
2.395519900000000035e+00	-1.857486799999999860e+01
2.396608799999999651e+00	-1.851834099999999950e+01
2.397741799999999923e+00	-1.857486799999999860e+01
2.398971399999999754e+00	-1.855225699999999733e+01
2.400074699999999783e+00	-1.852964700000000065e+01
2.400999200000000222e+00	-1.854095200000000077e+01
2.401977800000000052e+00	-1.856356299999999848e+01
2.403066900000000228e+00	-1.857486799999999860e+01
2.404073499999999974e+00	-1.860878399999999999e+01
2.404995699999999736e+00	-1.858617399999999975e+01
2.406035499999999772e+00	-1.858617399999999975e+01
2.407209600000000282e+00	-1.859747899999999987e+01
2.408394700000000110e+00	-1.855225699999999733e+01
2.409515700000000038e+00	-1.855225699999999733e+01
2.410523799999999994e+00	-1.856356299999999848e+01
2.411486100000000299e+00	-1.856356299999999848e+01
2.412512899999999849e+00	-1.856356299999999848e+01
2.413593800000000122e+00	-1.858617399999999975e+01
2.414726400000000162e+00	-1.855225699999999733e+01
2.415945599999999693e+00	-1.856356299999999848e+01
2.417152900000000049e+00	-1.857486799999999860e+01
2.418194499999999802e+00	-1.859747899999999987e+01
2.419165399999999799e+00	-1.863139500000000126e+01
2.420304999999999929e+00	-1.859747899999999987e+01
2.421518499999999907e+00	-1.862009000000000114e+01
2.422545099999999785e+00	-1.858617399999999975e+01
2.423514200000000063e+00	-1.856356299999999848e+01
2.424653999999999865e+00	-1.852964700000000065e+01
2.425818800000000053e+00	-1.852964700000000065e+01
2.426845000000000141e+00	-1.848442499999999811e+01
2.427849499999999772e+00	-1.849572899999999720e+01
2.428925000000000001e+00	-1.854095200000000077e+01
2.429997700000000371e+00	-1.854095200000000077e+01
2.431074799999999758e+00	-1.858617399999999975e+01
2.432250999999999941e+00	-1.859747899999999987e+01
2.433459000000000039e+00	-1.855225699999999733e+01
2.434560400000000069e+00	-1.856356299999999848e+01
2.435576300000000138e+00	-1.856356299999999848e+01
2.436625700000000005e+00	-1.850703599999999938e+01
2.437798200000000026e+00	-1.858617399999999975e+01
2.439046700000000012e+00	-1.860878399999999999e+01
2.440142900000000115e+00	-1.855225699999999733e+01
2.440978100000000151e+00	-1.851834099999999950e+01
2.441840900000000314e+00	-1.859747899999999987e+01
2.443023499999999792e+00	-1.857486799999999860e+01
2.444369599999999920e+00	-1.855225699999999733e+01
2.445543499999999870e+00	-1.859747899999999987e+01
2.446487999999999996e+00	-1.856356299999999848e+01
2.447452699999999925e+00	-1.855225699999999733e+01
2.448602800000000190e+00	-1.854095200000000077e+01
2.449778799999999812e+00	-1.851834099999999950e+01
2.450855600000000134e+00	-1.855225699999999733e+01
2.451920400000000111e+00	-1.857486799999999860e+01
2.452973099999999906e+00	-1.856356299999999848e+01
2.454008799999999990e+00	-1.857486799999999860e+01
2.455148700000000073e+00	-1.852964700000000065e+01
2.456320100000000117e+00	-1.855225699999999733e+01
2.457346900000000112e+00	-1.856356299999999848e+01
2.458348500000000048e+00	-1.854095200000000077e+01
2.459500999999999937e+00	-1.858617399999999975e+01
2.460703399999999874e+00	-1.857486799999999860e+01
2.461807499999999926e+00	-1.857486799999999860e+01
2.462824299999999855e+00	-1.855225699999999733e+01
2.463828700000000094e+00	-1.852964700000000065e+01
2.464891399999999955e+00	-1.851834099999999950e+01
2.466032400000000013e+00	-1.855225699999999733e+01
2.467194000000000109e+00	-1.858617399999999975e+01
2.468314299999999850e+00	-1.860878399999999999e+01
2.469384999999999941e+00	-1.858617399999999975e+01
2.470468200000000003e+00	-1.852964700000000065e+01
2.471596399999999694e+00	-1.856356299999999848e+01
2.472721500000000017e+00	-1.852964700000000065e+01
2.473811299999999935e+00	-1.854095200000000077e+01
2.474857199999999757e+00	-1.850703599999999938e+01
2.475916499999999854e+00	-1.855225699999999733e+01
2.477066999999999908e+00	-1.854095200000000077e+01
2.478231599999999979e+00	-1.850703599999999938e+01
2.479320299999999921e+00	-1.855225699999999733e+01
2.480370299999999695e+00	-1.855225699999999733e+01
2.481400999999999968e+00	-1.857486799999999860e+01
2.482391000000000236e+00	-1.862009000000000114e+01
2.483367600000000230e+00	-1.856356299999999848e+01
2.484393900000000155e+00	-1.857486799999999860e+01
2.485532100000000355e+00	-1.859747899999999987e+01
2.486748599999999865e+00	-1.858617399999999975e+01
2.487931899999999974e+00	-1.854095200000000077e+01
2.489060499999999898e+00	-1.851834099999999950e+01
2.490162399999999998e+00	-1.857486799999999860e+01
2.491246099999999686e+00	-1.856356299999999848e+01
2.492358999999999991e+00	-1.855225699999999733e+01
2.493495699999999982e+00	-1.855225699999999733e+01
2.494559800000000216e+00	-1.858617399999999975e+01
2.495524099999999912e+00	-1.857486799999999860e+01
2.496507499999999879e+00	-1.859747899999999987e+01
2.497610200000000003e+00	-1.858617399999999975e+01
2.498789200000000044e+00	-1.857486799999999860e+01
2.500039300000000075e+00	-1.852964700000000065e+01
2.501378000000000323e+00	-1.857486799999999860e+01
2.502620000000000289e+00	-1.857486799999999860e+01
2.503587900000000310e+00	-1.858617399999999975e+01
2.504411000000000165e+00	-1.856356299999999848e+01
2.505371000000000237e+00	-1.851834099999999950e+01
2.506569199999999942e+00	-1.852964700000000065e+01
2.507829300000000039e+00	-1.856356299999999848e+01
2.508933199999999974e+00	-1.856356299999999848e+01
2.509920699999999893e+00	-1.855225699999999733e+01
2.510982100000000106e+00	-1.855225699999999733e+01
2.512151899999999660e+00	-1.851834099999999950e+01
2.513326299999999680e+00	-1.856356299999999848e+01
2.514420400000000111e+00	-1.851834099999999950e+01
2.515455199999999891e+00	-1.857486799999999860e+01
2.516526100000000099e+00	-1.858617399999999975e+01
2.517658200000000068e+00	-1.855225699999999733e+01
2.518807799999999819e+00	-1.850703599999999938e+01
2.519921999999999773e+00	-1.851834099999999950e+01
2.520967200000000297e+00	-1.857486799999999860e+01
2.522006499999999818e+00	-1.851834099999999950e+01
2.523118399999999983e+00	-1.854095200000000077e+01
2.524228900000000220e+00	-1.849572899999999720e+01
2.525241600000000197e+00	-1.854095200000000077e+01
2.526278200000000140e+00	-1.851834099999999950e+01
2.527481199999999983e+00	-1.850703599999999938e+01
2.528690200000000221e+00	-1.850703599999999938e+01
2.529702700000000082e+00	-1.850703599999999938e+01
2.530640399999999790e+00	-1.848442499999999811e+01
2.531715399999999949e+00	-1.855225699999999733e+01
2.532933400000000113e+00	-1.851834099999999950e+01
2.534150799999999926e+00	-1.846181299999999936e+01
2.535271499999999900e+00	-1.849572899999999720e+01
2.536393400000000131e+00	-1.848442499999999811e+01
2.537606599999999712e+00	-1.855225699999999733e+01
2.538750600000000190e+00	-1.851834099999999950e+01
2.539689400000000319e+00	-1.857486799999999860e+01
2.540597700000000181e+00	-1.860878399999999999e+01
2.541718200000000039e+00	-1.857486799999999860e+01
2.543014899999999745e+00	-1.857486799999999860e+01
2.544271000000000171e+00	-1.856356299999999848e+01
2.545393699999999981e+00	-1.850703599999999938e+01
2.546410999999999980e+00	-1.849572899999999720e+01
2.547360700000000033e+00	-1.847312000000000154e+01
2.548326799999999892e+00	-1.849572899999999720e+01
2.549375899999999806e+00	-1.851834099999999950e+01
2.550505099999999636e+00	-1.855225699999999733e+01
2.551695800000000069e+00	-1.849572899999999720e+01
2.552885899999999708e+00	-1.851834099999999950e+01
2.554017599999999888e+00	-1.850703599999999938e+01
2.555105800000000205e+00	-1.848442499999999811e+01
2.556150800000000167e+00	-1.848442499999999811e+01
2.557173999999999836e+00	-1.845050900000000027e+01
2.558268099999999823e+00	-1.849572899999999720e+01
2.559436299999999775e+00	-1.845050900000000027e+01
2.560599999999999987e+00	-1.847312000000000154e+01
2.561755999999999922e+00	-1.848442499999999811e+01
2.562893299999999819e+00	-1.848442499999999811e+01
2.563943100000000364e+00	-1.848442499999999811e+01
2.564945100000000089e+00	-1.848442499999999811e+01
2.566049500000000094e+00	-1.856356299999999848e+01
2.567284799999999922e+00	-1.850703599999999938e+01
2.568487199999999859e+00	-1.849572899999999720e+01
2.569547199999999698e+00	-1.847312000000000154e+01
2.570566900000000210e+00	-1.849572899999999720e+01
2.571665199999999984e+00	-1.846181299999999936e+01
2.572821800000000270e+00	-1.848442499999999811e+01
2.573966399999999766e+00	-1.845050900000000027e+01
2.575061000000000266e+00	-1.847312000000000154e+01
2.576117800000000013e+00	-1.845050900000000027e+01
2.577241700000000080e+00	-1.846181299999999936e+01
2.578525899999999815e+00	-1.848442499999999811e+01
2.579853799999999975e+00	-1.842789700000000153e+01
2.580985000000000085e+00	-1.849572899999999720e+01
2.581862199999999774e+00	-1.841659300000000243e+01
2.582672599999999985e+00	-1.845050900000000027e+01
2.583632099999999987e+00	-1.849572899999999720e+01
2.584816699999999745e+00	-1.849572899999999720e+01
2.586138000000000048e+00	-1.855225699999999733e+01
2.587412799999999624e+00	-1.847312000000000154e+01
2.588522199999999884e+00	-1.845050900000000027e+01
2.589548999999999879e+00	-1.849572899999999720e+01
2.590647900000000003e+00	-1.845050900000000027e+01
2.591773199999999999e+00	-1.847312000000000154e+01
2.592852499999999782e+00	-1.850703599999999938e+01
2.593985299999999938e+00	-1.848442499999999811e+01
2.595147900000000174e+00	-1.850703599999999938e+01
2.596187599999999929e+00	-1.850703599999999938e+01
2.597171900000000200e+00	-1.847312000000000154e+01
2.598279699999999970e+00	-1.850703599999999938e+01
2.599476400000000353e+00	-1.848442499999999811e+01
2.600642800000000143e+00	-1.849572899999999720e+01
2.601810600000000306e+00	-1.849572899999999720e+01
2.603011999999999659e+00	-1.850703599999999938e+01
2.604172099999999990e+00	-1.854095200000000077e+01
2.605276700000000112e+00	-1.846181299999999936e+01
2.606373500000000121e+00	-1.847312000000000154e+01
2.607452600000000231e+00	-1.845050900000000027e+01
2.608461300000000094e+00	-1.845050900000000027e+01
2.609394200000000108e+00	-1.850703599999999938e+01
2.610345299999999646e+00	-1.849572899999999720e+01
2.611422600000000038e+00	-1.847312000000000154e+01
2.612627400000000044e+00	-1.855225699999999733e+01
2.613860499999999920e+00	-1.849572899999999720e+01
2.615022800000000203e+00	-1.848442499999999811e+01
2.616153100000000009e+00	-1.845050900000000027e+01
2.617322000000000148e+00	-1.845050900000000027e+01
2.618421399999999899e+00	-1.845050900000000027e+01
2.619395400000000151e+00	-1.847312000000000154e+01
2.620402899999999757e+00	-1.848442499999999811e+01
2.621547099999999908e+00	-1.851834099999999950e+01
2.622806699999999935e+00	-1.848442499999999811e+01
2.624090900000000115e+00	-1.850703599999999938e+01
2.625245500000000121e+00	-1.846181299999999936e+01
2.626245299999999894e+00	-1.852964700000000065e+01
2.627257800000000199e+00	-1.847312000000000154e+01
2.628376499999999893e+00	-1.847312000000000154e+01
2.629511500000000002e+00	-1.852964700000000065e+01
2.630626100000000189e+00	-1.849572899999999720e+01
2.631761199999999690e+00	-1.850703599999999938e+01
2.632857600000000353e+00	-1.842789700000000153e+01
2.633914400000000100e+00	-1.839398100000000014e+01
2.635067199999999943e+00	-1.837136999999999887e+01
2.636251800000000145e+00	-1.841659300000000243e+01
2.637301099999999732e+00	-1.848442499999999811e+01
2.638341799999999626e+00	-1.846181299999999936e+01
2.639507300000000001e+00	-1.841659300000000243e+01
2.640641900000000319e+00	-1.845050900000000027e+01
2.641688800000000281e+00	-1.847312000000000154e+01
2.642799000000000120e+00	-1.845050900000000027e+01
2.643962699999999888e+00	-1.841659300000000243e+01
2.645045899999999950e+00	-1.841659300000000243e+01
2.646085699999999985e+00	-1.840528600000000026e+01
2.647203000000000195e+00	-1.837136999999999887e+01
2.648366699999999963e+00	-1.839398100000000014e+01
2.649487399999999937e+00	-1.845050900000000027e+01
2.650605400000000333e+00	-1.843920199999999809e+01
2.651804400000000062e+00	-1.842789700000000153e+01
2.653021499999999921e+00	-1.842789700000000153e+01
2.654105399999999726e+00	-1.845050900000000027e+01
2.655069899999999983e+00	-1.847312000000000154e+01
2.656087000000000309e+00	-1.846181299999999936e+01
2.657237000000000293e+00	-1.843920199999999809e+01
2.658484800000000092e+00	-1.843920199999999809e+01
2.659733999999999821e+00	-1.841659300000000243e+01
2.660839799999999755e+00	-1.840528600000000026e+01
2.661807000000000034e+00	-1.843920199999999809e+01
2.662803600000000159e+00	-1.846181299999999936e+01
2.663895199999999797e+00	-1.847312000000000154e+01
2.665039300000000111e+00	-1.845050900000000027e+01
2.666228700000000007e+00	-1.839398100000000014e+01
2.667437000000000058e+00	-1.843920199999999809e+01
2.668586400000000136e+00	-1.847312000000000154e+01
2.669656199999999924e+00	-1.839398100000000014e+01
2.670732800000000129e+00	-1.840528600000000026e+01
2.671881500000000020e+00	-1.843920199999999809e+01
2.673026500000000194e+00	-1.839398100000000014e+01
2.674097199999999841e+00	-1.842789700000000153e+01
2.675186099999999900e+00	-1.845050900000000027e+01
2.676381899999999980e+00	-1.845050900000000027e+01
2.677593100000000170e+00	-1.845050900000000027e+01
2.678671299999999977e+00	-1.845050900000000027e+01
2.679624000000000006e+00	-1.842789700000000153e+01
2.680642399999999981e+00	-1.839398100000000014e+01
2.681878199999999879e+00	-1.839398100000000014e+01
2.683178300000000238e+00	-1.839398100000000014e+01
2.684259900000000254e+00	-1.839398100000000014e+01
2.685160799999999792e+00	-1.841659300000000243e+01
2.686107600000000151e+00	-1.841659300000000243e+01
2.687181700000000006e+00	-1.837136999999999887e+01
2.688434099999999827e+00	-1.845050900000000027e+01
2.689802199999999921e+00	-1.840528600000000026e+01
2.691046099999999885e+00	-1.841659300000000243e+01
2.692162299999999675e+00	-1.840528600000000026e+01
2.693316000000000265e+00	-1.843920199999999809e+01
2.694442200000000120e+00	-1.837136999999999887e+01
2.695478099999999877e+00	-1.840528600000000026e+01
2.696534900000000068e+00	-1.842789700000000153e+01
2.697649100000000022e+00	-1.845050900000000027e+01
2.698798200000000147e+00	-1.840528600000000026e+01
2.699999899999999897e+00	-1.836006500000000230e+01
2.701179299999999728e+00	-1.837136999999999887e+01
2.702243100000000009e+00	-1.841659300000000243e+01
2.703288600000000041e+00	-1.839398100000000014e+01
2.704413900000000037e+00	-1.839398100000000014e+01
2.705523000000000344e+00	-1.842789700000000153e+01
2.706573199999999790e+00	-1.845050900000000027e+01
2.707659900000000341e+00	-1.840528600000000026e+01
2.708816300000000066e+00	-1.836006500000000230e+01
2.710019500000000026e+00	-1.839398100000000014e+01
2.711276499999999867e+00	-1.838267499999999899e+01
2.712499999999999911e+00	-1.836006500000000230e+01
2.713537500000000158e+00	-1.840528600000000026e+01
2.714480800000000027e+00	-1.841659300000000243e+01
2.715532000000000057e+00	-1.841659300000000243e+01
2.716676099999999927e+00	-1.840528600000000026e+01
2.717878900000000097e+00	-1.841659300000000243e+01
2.719122200000000156e+00	-1.838267499999999899e+01
2.720283199999999901e+00	-1.837136999999999887e+01
2.721378700000000261e+00	-1.839398100000000014e+01
2.722527400000000153e+00	-1.842789700000000153e+01
2.723728799999999950e+00	-1.845050900000000027e+01
2.724956200000000273e+00	-1.840528600000000026e+01
2.726163099999999950e+00	-1.840528600000000026e+01
2.727214500000000097e+00	-1.839398100000000014e+01
2.728087299999999882e+00	-1.841659300000000243e+01
2.729034100000000240e+00	-1.840528600000000026e+01
2.730222099999999763e+00	-1.841659300000000243e+01
2.731475000000000097e+00	-1.843920199999999809e+01
2.732623200000000363e+00	-1.838267499999999899e+01
2.733707799999999910e+00	-1.838267499999999899e+01
2.734794599999999853e+00	-1.843920199999999809e+01
2.735879699999999914e+00	-1.846181299999999936e+01
2.736992199999999986e+00	-1.839398100000000014e+01
2.738189300000000159e+00	-1.842789700000000153e+01
2.739384400000000053e+00	-1.836006500000000230e+01
2.740474899999999714e+00	-1.836006500000000230e+01
2.741512200000000288e+00	-1.837136999999999887e+01
2.742568100000000175e+00	-1.834875900000000115e+01
2.743666099999999997e+00	-1.837136999999999887e+01
2.744794999999999874e+00	-1.839398100000000014e+01
2.745938400000000001e+00	-1.840528600000000026e+01
2.747108100000000164e+00	-1.836006500000000230e+01
2.748269300000000026e+00	-1.838267499999999899e+01
2.749375699999999867e+00	-1.836006500000000230e+01
2.750457500000000000e+00	-1.837136999999999887e+01
2.751621199999999767e+00	-1.841659300000000243e+01
2.752886299999999675e+00	-1.843920199999999809e+01
2.754079600000000294e+00	-1.843920199999999809e+01
2.755132800000000159e+00	-1.845050900000000027e+01
2.756165900000000057e+00	-1.841659300000000243e+01
2.757240499999999983e+00	-1.832614799999999988e+01
2.758369199999999744e+00	-1.840528600000000026e+01
2.759566500000000033e+00	-1.838267499999999899e+01
2.760788899999999657e+00	-1.840528600000000026e+01
2.761963100000000004e+00	-1.840528600000000026e+01
2.763062199999999802e+00	-1.837136999999999887e+01
2.764104199999999789e+00	-1.834875900000000115e+01
2.765123999999999693e+00	-1.842789700000000153e+01
2.766248400000000274e+00	-1.846181299999999936e+01
2.767539900000000053e+00	-1.841659300000000243e+01
2.768790599999999991e+00	-1.841659300000000243e+01
2.769857699999999756e+00	-1.837136999999999887e+01
2.770860900000000182e+00	-1.843920199999999809e+01
2.771907699999999863e+00	-1.839398100000000014e+01
2.773041399999999879e+00	-1.837136999999999887e+01
2.774272600000000200e+00	-1.836006500000000230e+01
2.775488199999999850e+00	-1.843920199999999809e+01
2.776594999999999924e+00	-1.841659300000000243e+01
2.777721199999999779e+00	-1.845050900000000027e+01
2.778974700000000020e+00	-1.833745400000000103e+01
2.780135700000000210e+00	-1.836006500000000230e+01
2.781085000000000029e+00	-1.843920199999999809e+01
2.782093800000000172e+00	-1.837136999999999887e+01
2.783243400000000367e+00	-1.841659300000000243e+01
2.784365699999999944e+00	-1.837136999999999887e+01
2.785504199999999653e+00	-1.834875900000000115e+01
2.786717200000000005e+00	-1.836006500000000230e+01
2.787897300000000023e+00	-1.839398100000000014e+01
2.789008700000000118e+00	-1.838267499999999899e+01
2.790096500000000201e+00	-1.834875900000000115e+01
2.791226500000000055e+00	-1.836006500000000230e+01
2.792451600000000145e+00	-1.834875900000000115e+01
2.793691700000000111e+00	-1.836006500000000230e+01
2.794855199999999762e+00	-1.840528600000000026e+01
2.795945600000000031e+00	-1.837136999999999887e+01
2.796971600000000002e+00	-1.832614799999999988e+01
2.798022299999999962e+00	-1.834875900000000115e+01
2.799221399999999971e+00	-1.837136999999999887e+01
2.800507000000000080e+00	-1.834875900000000115e+01
2.801728400000000008e+00	-1.839398100000000014e+01
2.802876200000000040e+00	-1.834875900000000115e+01
2.804033599999999904e+00	-1.837136999999999887e+01
2.805204499999999879e+00	-1.837136999999999887e+01
2.806319100000000066e+00	-1.834875900000000115e+01
2.807379599999999975e+00	-1.837136999999999887e+01
2.808497099999999858e+00	-1.834875900000000115e+01
2.809685200000000105e+00	-1.837136999999999887e+01
2.810803799999999963e+00	-1.836006500000000230e+01
2.811834500000000236e+00	-1.825831599999999710e+01
2.812906099999999743e+00	-1.830353600000000114e+01
2.814045300000000083e+00	-1.836006500000000230e+01
2.815229900000000285e+00	-1.836006500000000230e+01
2.816445899999999725e+00	-1.831484299999999976e+01
2.817546800000000129e+00	-1.831484299999999976e+01
2.818501099999999759e+00	-1.833745400000000103e+01
2.819575200000000059e+00	-1.831484299999999976e+01
2.820866500000000165e+00	-1.830353600000000114e+01
2.822079099999999841e+00	-1.832614799999999988e+01
2.823074100000000364e+00	-1.830353600000000114e+01
2.824154800000000076e+00	-1.831484299999999976e+01
2.825460300000000036e+00	-1.834875900000000115e+01
2.826709099999999975e+00	-1.834875900000000115e+01
2.827821800000000163e+00	-1.831484299999999976e+01
2.828946900000000042e+00	-1.834875900000000115e+01
2.830029000000000128e+00	-1.833745400000000103e+01
2.831079200000000018e+00	-1.830353600000000114e+01
2.832281999999999744e+00	-1.830353600000000114e+01
2.833601900000000118e+00	-1.831484299999999976e+01
2.834851799999999589e+00	-1.831484299999999976e+01
2.835925900000000333e+00	-1.832614799999999988e+01
2.836824500000000082e+00	-1.833745400000000103e+01
2.837729399999999735e+00	-1.836006500000000230e+01
2.838850400000000107e+00	-1.832614799999999988e+01
2.840155000000000207e+00	-1.836006500000000230e+01
2.841437400000000224e+00	-1.830353600000000114e+01
2.842579300000000142e+00	-1.824700900000000203e+01
2.843666400000000039e+00	-1.832614799999999988e+01
2.844782299999999875e+00	-1.834875900000000115e+01
2.845818200000000076e+00	-1.831484299999999976e+01
2.846765299999999943e+00	-1.829223200000000205e+01
2.847882999999999942e+00	-1.829223200000000205e+01
2.849232900000000068e+00	-1.823570499999999939e+01
2.850524900000000361e+00	-1.826961999999999975e+01
2.851614500000000163e+00	-1.829223200000000205e+01
2.852643499999999666e+00	-1.830353600000000114e+01
2.853736099999999887e+00	-1.831484299999999976e+01
2.854883899999999919e+00	-1.832614799999999988e+01
2.855998399999999826e+00	-1.833745400000000103e+01
2.857022999999999868e+00	-1.834875900000000115e+01
2.858101200000000119e+00	-1.837136999999999887e+01
2.859402199999999894e+00	-1.836006500000000230e+01
2.860767400000000293e+00	-1.829223200000000205e+01
2.861942899999999845e+00	-1.825831599999999710e+01
2.862966500000000192e+00	-1.831484299999999976e+01
2.863994699999999671e+00	-1.831484299999999976e+01
2.865099299999999793e+00	-1.829223200000000205e+01
2.866269399999999745e+00	-1.830353600000000114e+01
2.867400299999999902e+00	-1.837136999999999887e+01
2.868472200000000250e+00	-1.838267499999999899e+01
2.869603600000000032e+00	-1.833745400000000103e+01
2.870819099999999846e+00	-1.833745400000000103e+01
2.872046499999999725e+00	-1.826961999999999975e+01
2.873232900000000090e+00	-1.831484299999999976e+01
2.874352699999999761e+00	-1.828092699999999837e+01
2.875458699999999812e+00	-1.826961999999999975e+01
2.876628999999999881e+00	-1.831484299999999976e+01
2.877844999999999764e+00	-1.833745400000000103e+01
2.879075500000000343e+00	-1.837136999999999887e+01
2.880305600000000243e+00	-1.833745400000000103e+01
2.881487499999999979e+00	-1.833745400000000103e+01
2.882594099999999937e+00	-1.838267499999999899e+01
2.883624299999999696e+00	-1.837136999999999887e+01
2.884643400000000302e+00	-1.840528600000000026e+01
2.885775799999999780e+00	-1.836006500000000230e+01
2.887034299999999831e+00	-1.837136999999999887e+01
2.888273499999999938e+00	-1.830353600000000114e+01
2.889340499999999867e+00	-1.837136999999999887e+01
2.890259600000000262e+00	-1.837136999999999887e+01
2.891230899999999604e+00	-1.838267499999999899e+01
2.892391400000000168e+00	-1.839398100000000014e+01
2.893669000000000047e+00	-1.834875900000000115e+01
2.894952100000000250e+00	-1.833745400000000103e+01
2.896175400000000177e+00	-1.836006500000000230e+01
2.897265599999999885e+00	-1.837136999999999887e+01
2.898284900000000164e+00	-1.846181299999999936e+01
2.899380400000000080e+00	-1.843920199999999809e+01
2.900545499999999777e+00	-1.837136999999999887e+01
2.901691500000000090e+00	-1.839398100000000014e+01
2.902843299999999793e+00	-1.842789700000000153e+01
2.904107100000000052e+00	-1.841659300000000243e+01
2.905433099999999769e+00	-1.836006500000000230e+01
2.906640200000000007e+00	-1.837136999999999887e+01
2.907741399999999921e+00	-1.836006500000000230e+01
2.908873100000000100e+00	-1.834875900000000115e+01
2.909996500000000097e+00	-1.837136999999999887e+01
2.911011999999999933e+00	-1.840528600000000026e+01
2.912028499999999909e+00	-1.840528600000000026e+01
2.913251400000000046e+00	-1.837136999999999887e+01
2.914611499999999911e+00	-1.832614799999999988e+01
2.915855000000000086e+00	-1.839398100000000014e+01
2.916945700000000308e+00	-1.840528600000000026e+01
2.917971399999999882e+00	-1.841659300000000243e+01
2.918923200000000051e+00	-1.837136999999999887e+01
2.919868599999999592e+00	-1.842789700000000153e+01
2.921004100000000214e+00	-1.846181299999999936e+01
2.922343800000000158e+00	-1.841659300000000243e+01
2.923688499999999912e+00	-1.841659300000000243e+01
2.924943799999999872e+00	-1.841659300000000243e+01
2.926087700000000069e+00	-1.840528600000000026e+01
2.927080899999999986e+00	-1.839398100000000014e+01
2.928091400000000011e+00	-1.837136999999999887e+01
2.929308699999999988e+00	-1.840528600000000026e+01
2.930574700000000199e+00	-1.841659300000000243e+01
2.931700699999999937e+00	-1.841659300000000243e+01
2.932811899999999916e+00	-1.847312000000000154e+01
2.933995599999999815e+00	-1.843920199999999809e+01
2.935099899999999984e+00	-1.843920199999999809e+01
2.936093599999999970e+00	-1.842789700000000153e+01
2.937176800000000032e+00	-1.841659300000000243e+01
2.938482299999999992e+00	-1.837136999999999887e+01
2.939886099999999836e+00	-1.840528600000000026e+01
2.941149699999999978e+00	-1.834875900000000115e+01
2.942213300000000142e+00	-1.839398100000000014e+01
2.943222200000000122e+00	-1.839398100000000014e+01
2.944242199999999698e+00	-1.838267499999999899e+01
2.945267199999999974e+00	-1.837136999999999887e+01
2.946411499999999961e+00	-1.838267499999999899e+01
2.947653199999999973e+00	-1.832614799999999988e+01
2.948810099999999768e+00	-1.837136999999999887e+01
2.949900400000000200e+00	-1.836006500000000230e+01
2.951024299999999823e+00	-1.842789700000000153e+01
2.952190700000000056e+00	-1.838267499999999899e+01
2.953403499999999848e+00	-1.836006500000000230e+01
2.954617200000000388e+00	-1.836006500000000230e+01
2.955780899999999711e+00	-1.836006500000000230e+01
2.956941000000000042e+00	-1.838267499999999899e+01
2.958142000000000049e+00	-1.840528600000000026e+01
2.959334799999999710e+00	-1.839398100000000014e+01
2.960470300000000332e+00	-1.840528600000000026e+01
2.961566200000000038e+00	-1.845050900000000027e+01
2.962641500000000150e+00	-1.847312000000000154e+01
2.963731699999999858e+00	-1.842789700000000153e+01
2.964913600000000038e+00	-1.838267499999999899e+01
2.966163299999999836e+00	-1.842789700000000153e+01
2.967366999999999866e+00	-1.847312000000000154e+01
2.968490700000000260e+00	-1.845050900000000027e+01
2.969565699999999975e+00	-1.839398100000000014e+01
2.970660000000000078e+00	-1.842789700000000153e+01
2.971825799999999962e+00	-1.841659300000000243e+01
2.973019700000000043e+00	-1.841659300000000243e+01
2.974244600000000016e+00	-1.838267499999999899e+01
2.975517199999999640e+00	-1.841659300000000243e+01
2.976738000000000106e+00	-1.840528600000000026e+01
2.977844399999999947e+00	-1.842789700000000153e+01
2.978894400000000164e+00	-1.839398100000000014e+01
2.979988300000000034e+00	-1.840528600000000026e+01
2.981147599999999898e+00	-1.840528600000000026e+01
2.982283100000000076e+00	-1.839398100000000014e+01
2.983350699999999911e+00	-1.838267499999999899e+01
2.984385000000000066e+00	-1.840528600000000026e+01
2.985438199999999931e+00	-1.838267499999999899e+01
2.986583700000000174e+00	-1.840528600000000026e+01
2.987847900000000223e+00	-1.840528600000000026e+01
2.989168000000000269e+00	-1.843920199999999809e+01
2.990443799999999985e+00	-1.838267499999999899e+01
2.991604999999999848e+00	-1.840528600000000026e+01
2.992699599999999904e+00	-1.838267499999999899e+01
2.993812399999999929e+00	-1.840528600000000026e+01
2.994900099999999732e+00	-1.833745400000000103e+01
2.995950099999999949e+00	-1.836006500000000230e+01
2.997111299999999812e+00	-1.839398100000000014e+01
2.998417599999999794e+00	-1.838267499999999899e+01
2.999690699999999932e+00	-1.837136999999999887e+01
3.000839599999999940e+00	-1.836006500000000230e+01
3.001964599999999983e+00	-1.837136999999999887e+01
3.003137900000000027e+00	-1.832614799999999988e+01
3.004282900000000200e+00	-1.836006500000000230e+01
3.005351600000000012e+00	-1.841659300000000243e+01
3.006426400000000054e+00	-1.843920199999999809e+01
3.007540300000000055e+00	-1.839398100000000014e+01
3.008690800000000110e+00	-1.836006500000000230e+01
3.009956999999999994e+00	-1.840528600000000026e+01
3.011302199999999818e+00	-1.836006500000000230e+01
3.012549800000000388e+00	-1.837136999999999887e+01
3.013685699999999912e+00	-1.836006500000000230e+01
3.014844399999999869e+00	-1.836006500000000230e+01
3.016057700000000175e+00	-1.838267499999999899e+01
3.017287800000000075e+00	-1.839398100000000014e+01
3.018512900000000165e+00	-1.841659300000000243e+01
3.019651800000000108e+00	-1.838267499999999899e+01
3.020671299999999615e+00	-1.842789700000000153e+01
3.021724799999999878e+00	-1.841659300000000243e+01
3.022927600000000048e+00	-1.842789700000000153e+01
3.024162899999999876e+00	-1.841659300000000243e+01
3.025314500000000351e+00	-1.840528600000000026e+01
3.026430700000000140e+00	-1.841659300000000243e+01
3.027569200000000293e+00	-1.836006500000000230e+01
3.028710599999999697e+00	-1.837136999999999887e+01
3.029856099999999941e+00	-1.837136999999999887e+01
3.031050299999999975e+00	-1.838267499999999899e+01
3.032272800000000323e+00	-1.840528600000000026e+01
3.033438800000000324e+00	-1.839398100000000014e+01
3.034512199999999993e+00	-1.837136999999999887e+01
3.035582299999999734e+00	-1.839398100000000014e+01
3.036799199999999921e+00	-1.840528600000000026e+01
3.038149500000000280e+00	-1.841659300000000243e+01
3.039373300000000278e+00	-1.837136999999999887e+01
3.040322600000000097e+00	-1.836006500000000230e+01
3.041245700000000163e+00	-1.841659300000000243e+01
3.042423900000000181e+00	-1.843920199999999809e+01
3.043759300000000056e+00	-1.842789700000000153e+01
3.044930299999999868e+00	-1.841659300000000243e+01
3.045844600000000124e+00	-1.846181299999999936e+01
3.046762000000000192e+00	-1.847312000000000154e+01
3.047892299999999999e+00	-1.845050900000000027e+01
3.049167600000000089e+00	-1.846181299999999936e+01
3.050439299999999854e+00	-1.841659300000000243e+01
3.051614400000000060e+00	-1.843920199999999809e+01
3.052710300000000210e+00	-1.846181299999999936e+01
3.053860400000000030e+00	-1.849572899999999720e+01
3.055150499999999880e+00	-1.843920199999999809e+01
3.056471999999999856e+00	-1.846181299999999936e+01
3.057614300000000007e+00	-1.843920199999999809e+01
3.058565899999999615e+00	-1.840528600000000026e+01
3.059566599999999692e+00	-1.842789700000000153e+01
3.060754799999999776e+00	-1.842789700000000153e+01
3.062000799999999856e+00	-1.841659300000000243e+01
3.063153799999999816e+00	-1.846181299999999936e+01
3.064265199999999911e+00	-1.839398100000000014e+01
3.065468899999999941e+00	-1.840528600000000026e+01
3.066729299999999991e+00	-1.843920199999999809e+01
3.067942799999999970e+00	-1.843920199999999809e+01
3.069113300000000155e+00	-1.839398100000000014e+01
3.070253100000000401e+00	-1.840528600000000026e+01
3.071362199999999820e+00	-1.845050900000000027e+01
3.072465499999999849e+00	-1.840528600000000026e+01
3.073568199999999973e+00	-1.842789700000000153e+01
3.074716500000000075e+00	-1.842789700000000153e+01
3.075964100000000201e+00	-1.845050900000000027e+01
3.077222100000000182e+00	-1.839398100000000014e+01
3.078362199999999937e+00	-1.841659300000000243e+01
3.079428599999999960e+00	-1.843920199999999809e+01
3.080511299999999952e+00	-1.837136999999999887e+01
3.081619799999999909e+00	-1.840528600000000026e+01
3.082789099999999838e+00	-1.842789700000000153e+01
3.084029899999999991e+00	-1.841659300000000243e+01
3.085236599999999996e+00	-1.840528600000000026e+01
3.086348000000000091e+00	-1.840528600000000026e+01
3.087441699999999845e+00	-1.838267499999999899e+01
3.088573999999999931e+00	-1.840528600000000026e+01
3.089734300000000378e+00	-1.843920199999999809e+01
3.090914099999999998e+00	-1.843920199999999809e+01
3.092075799999999930e+00	-1.841659300000000243e+01
3.093258100000000343e+00	-1.839398100000000014e+01
3.094540899999999706e+00	-1.846181299999999936e+01
3.095806699999999800e+00	-1.840528600000000026e+01
3.096958599999999784e+00	-1.842789700000000153e+01
3.098127100000000134e+00	-1.841659300000000243e+01
3.099345099999999853e+00	-1.841659300000000243e+01
3.100476299999999963e+00	-1.842789700000000153e+01
3.101500200000000262e+00	-1.845050900000000027e+01
3.102565199999999912e+00	-1.843920199999999809e+01
3.103814800000000318e+00	-1.839398100000000014e+01
3.105199100000000101e+00	-1.839398100000000014e+01
3.106506500000000059e+00	-1.837136999999999887e+01
3.107651999999999859e+00	-1.840528600000000026e+01
3.108718800000000115e+00	-1.842789700000000153e+01
3.109793400000000041e+00	-1.843920199999999809e+01
3.110943699999999978e+00	-1.843920199999999809e+01
3.112159400000000353e+00	-1.846181299999999936e+01
3.113334299999999999e+00	-1.845050900000000027e+01
3.114423200000000058e+00	-1.843920199999999809e+01
3.115488200000000152e+00	-1.841659300000000243e+01
3.116632999999999765e+00	-1.841659300000000243e+01
3.117903800000000114e+00	-1.845050900000000027e+01
3.119196199999999752e+00	-1.843920199999999809e+01
3.120384200000000163e+00	-1.836006500000000230e+01
3.121467699999999734e+00	-1.832614799999999988e+01
3.122503099999999865e+00	-1.842789700000000153e+01
3.123576100000000189e+00	-1.837136999999999887e+01
3.124770000000000270e+00	-1.834875900000000115e+01
3.126051100000000194e+00	-1.834875900000000115e+01
3.127311599999999636e+00	-1.833745400000000103e+01
3.128489200000000192e+00	-1.833745400000000103e+01
3.129610599999999909e+00	-1.836006500000000230e+01
3.130769499999999983e+00	-1.838267499999999899e+01
3.132004400000000022e+00	-1.828092699999999837e+01
3.133249900000000032e+00	-1.828092699999999837e+01
3.134409799999999802e+00	-1.831484299999999976e+01
3.135431599999999985e+00	-1.832614799999999988e+01
3.136407000000000167e+00	-1.832614799999999988e+01
3.137485199999999974e+00	-1.832614799999999988e+01
3.138663499999999829e+00	-1.834875900000000115e+01
3.139863599999999977e+00	-1.829223200000000205e+01
3.141087300000000138e+00	-1.837136999999999887e+01
3.142352199999999929e+00	-1.834875900000000115e+01
3.143622999999999834e+00	-1.833745400000000103e+01
3.144829399999999886e+00	-1.838267499999999899e+01
3.145893100000000331e+00	-1.841659300000000243e+01
3.146870099999999670e+00	-1.838267499999999899e+01
3.147968999999999795e+00	-1.838267499999999899e+01
3.149250899999999742e+00	-1.834875900000000115e+01
3.150575400000000137e+00	-1.832614799999999988e+01
3.151866200000000173e+00	-1.837136999999999887e+01
3.153086300000000008e+00	-1.838267499999999899e+01
3.154152199999999961e+00	-1.838267499999999899e+01
3.155140600000000184e+00	-1.841659300000000243e+01
3.156274499999999872e+00	-1.842789700000000153e+01
3.157576699999999903e+00	-1.838267499999999899e+01
3.158854300000000226e+00	-1.838267499999999899e+01
3.160000699999999885e+00	-1.843920199999999809e+01
3.161049800000000243e+00	-1.841659300000000243e+01
3.162073200000000028e+00	-1.837136999999999887e+01
3.163200299999999743e+00	-1.840528600000000026e+01
3.164548200000000033e+00	-1.839398100000000014e+01
3.165977700000000006e+00	-1.839398100000000014e+01
3.167178900000000130e+00	-1.834875900000000115e+01
3.168115199999999909e+00	-1.831484299999999976e+01
3.169035199999999719e+00	-1.837136999999999887e+01
3.170112900000000344e+00	-1.837136999999999887e+01
3.171355500000000216e+00	-1.839398100000000014e+01
3.172643600000000230e+00	-1.840528600000000026e+01
3.173818900000000109e+00	-1.838267499999999899e+01
3.174892299999999778e+00	-1.840528600000000026e+01
3.176009200000000199e+00	-1.841659300000000243e+01
3.177198800000000212e+00	-1.840528600000000026e+01
3.178401599999999938e+00	-1.839398100000000014e+01
3.179624900000000309e+00	-1.839398100000000014e+01
3.180823999999999874e+00	-1.846181299999999936e+01
3.181950200000000173e+00	-1.840528600000000026e+01
3.183128700000000144e+00	-1.834875900000000115e+01
3.184428799999999615e+00	-1.832614799999999988e+01
3.185718899999999909e+00	-1.832614799999999988e+01
3.186952000000000229e+00	-1.832614799999999988e+01
3.188219099999999973e+00	-1.836006500000000230e+01
3.189464199999999749e+00	-1.831484299999999976e+01
3.190592499999999720e+00	-1.833745400000000103e+01
3.191708400000000001e+00	-1.830353600000000114e+01
3.192907300000000337e+00	-1.834875900000000115e+01
3.194129499999999844e+00	-1.836006500000000230e+01
3.195267700000000044e+00	-1.836006500000000230e+01
3.196302499999999824e+00	-1.833745400000000103e+01
3.197369099999999964e+00	-1.840528600000000026e+01
3.198541899999999938e+00	-1.845050900000000027e+01
3.199673300000000165e+00	-1.841659300000000243e+01
3.200722400000000079e+00	-1.838267499999999899e+01
3.201888400000000079e+00	-1.841659300000000243e+01
3.203190999999999899e+00	-1.839398100000000014e+01
3.204453200000000113e+00	-1.837136999999999887e+01
3.205663200000000046e+00	-1.836006500000000230e+01
3.206893800000000017e+00	-1.841659300000000243e+01
3.208130699999999891e+00	-1.838267499999999899e+01
3.209328999999999876e+00	-1.838267499999999899e+01
3.210464900000000288e+00	-1.838267499999999899e+01
3.211578600000000172e+00	-1.840528600000000026e+01
3.212707700000000166e+00	-1.834875900000000115e+01
3.213847300000000295e+00	-1.834875900000000115e+01
3.215024400000000337e+00	-1.838267499999999899e+01
3.216229300000000180e+00	-1.837136999999999887e+01
3.217406200000000105e+00	-1.842789700000000153e+01
3.218562599999999829e+00	-1.839398100000000014e+01
3.219714200000000304e+00	-1.838267499999999899e+01
3.220869500000000052e+00	-1.838267499999999899e+01
3.222094600000000142e+00	-1.841659300000000243e+01
3.223387499999999850e+00	-1.836006500000000230e+01
3.224628000000000050e+00	-1.840528600000000026e+01
3.225799400000000094e+00	-1.836006500000000230e+01
3.226977900000000066e+00	-1.832614799999999988e+01
3.228138400000000185e+00	-1.834875900000000115e+01
3.229258499999999810e+00	-1.833745400000000103e+01
3.230408999999999864e+00	-1.840528600000000026e+01
3.231603600000000132e+00	-1.839398100000000014e+01
3.232800700000000305e+00	-1.839398100000000014e+01
3.233955299999999866e+00	-1.836006500000000230e+01
3.235034000000000187e+00	-1.837136999999999887e+01
3.236110399999999832e+00	-1.836006500000000230e+01
3.237237299999999873e+00	-1.838267499999999899e+01
3.238340500000000066e+00	-1.830353600000000114e+01
3.239436899999999842e+00	-1.832614799999999988e+01
3.240632399999999969e+00	-1.832614799999999988e+01
3.241924800000000051e+00	-1.837136999999999887e+01
3.243212199999999878e+00	-1.837136999999999887e+01
3.244420700000000046e+00	-1.834875900000000115e+01
3.245619599999999938e+00	-1.837136999999999887e+01
3.246903099999999931e+00	-1.838267499999999899e+01
3.248147600000000246e+00	-1.834875900000000115e+01
3.249198900000000112e+00	-1.837136999999999887e+01
3.250195499999999793e+00	-1.836006500000000230e+01
3.251323999999999881e+00	-1.834875900000000115e+01
3.252492399999999950e+00	-1.829223200000000205e+01
3.253586100000000148e+00	-1.834875900000000115e+01
3.254709099999999911e+00	-1.834875900000000115e+01
3.255911699999999964e+00	-1.837136999999999887e+01
3.257058100000000067e+00	-1.833745400000000103e+01
3.258151499999999867e+00	-1.836006500000000230e+01
3.259368399999999610e+00	-1.836006500000000230e+01
3.260702199999999884e+00	-1.834875900000000115e+01
3.261935899999999666e+00	-1.839398100000000014e+01
3.263008200000000247e+00	-1.831484299999999976e+01
3.264087799999999984e+00	-1.833745400000000103e+01
3.265271299999999766e+00	-1.837136999999999887e+01
3.266484300000000118e+00	-1.834875900000000115e+01
3.267618000000000134e+00	-1.838267499999999899e+01
3.268715799999999838e+00	-1.834875900000000115e+01
3.269958100000000201e+00	-1.833745400000000103e+01
3.271327799999999897e+00	-1.837136999999999887e+01
3.272584499999999785e+00	-1.837136999999999887e+01
3.273651599999999995e+00	-1.836006500000000230e+01
3.274685700000000033e+00	-1.830353600000000114e+01
3.275817599999999885e+00	-1.834875900000000115e+01
3.277016999999999847e+00	-1.834875900000000115e+01
3.278176600000000107e+00	-1.839398100000000014e+01
3.279303699999999822e+00	-1.838267499999999899e+01
3.280464900000000128e+00	-1.836006500000000230e+01
3.281611299999999787e+00	-1.842789700000000153e+01
3.282748400000000011e+00	-1.842789700000000153e+01
3.283975700000000053e+00	-1.834875900000000115e+01
3.285253299999999932e+00	-1.832614799999999988e+01
3.286515899999999935e+00	-1.836006500000000230e+01
3.287782899999999842e+00	-1.837136999999999887e+01
3.289001600000000192e+00	-1.839398100000000014e+01
3.290131200000000256e+00	-1.837136999999999887e+01
3.291230500000000170e+00	-1.834875900000000115e+01
3.292348500000000122e+00	-1.838267499999999899e+01
3.293508099999999938e+00	-1.836006500000000230e+01
3.294673200000000080e+00	-1.837136999999999887e+01
3.295792300000000008e+00	-1.843920199999999809e+01
3.296940299999999713e+00	-1.833745400000000103e+01
3.298205499999999901e+00	-1.830353600000000114e+01
3.299526300000000134e+00	-1.830353600000000114e+01
3.300799099999999875e+00	-1.831484299999999976e+01
3.302030600000000149e+00	-1.830353600000000114e+01
3.303246099999999963e+00	-1.832614799999999988e+01
3.304403899999999616e+00	-1.829223200000000205e+01
3.305509799999999831e+00	-1.830353600000000114e+01
3.306640799999999825e+00	-1.833745400000000103e+01
3.307814000000000032e+00	-1.833745400000000103e+01
3.308994999999999909e+00	-1.833745400000000103e+01
3.310209600000000307e+00	-1.834875900000000115e+01
3.311474800000000052e+00	-1.829223200000000205e+01
3.312708900000000067e+00	-1.830353600000000114e+01
3.313859899999999747e+00	-1.830353600000000114e+01
3.314987700000000093e+00	-1.833745400000000103e+01
3.316201400000000188e+00	-1.829223200000000205e+01
3.317531999999999925e+00	-1.826961999999999975e+01
3.318817300000000081e+00	-1.829223200000000205e+01
3.319887399999999822e+00	-1.832614799999999988e+01
3.320860699999999888e+00	-1.829223200000000205e+01
3.322016899999999939e+00	-1.829223200000000205e+01
3.323400699999999652e+00	-1.826961999999999975e+01
3.324773800000000001e+00	-1.825831599999999710e+01
3.325966600000000106e+00	-1.830353600000000114e+01
3.327096200000000170e+00	-1.825831599999999710e+01
3.328305400000000080e+00	-1.820178899999999800e+01
3.329535700000000098e+00	-1.820178899999999800e+01
3.330719399999999997e+00	-1.824700900000000203e+01
3.331847900000000084e+00	-1.821309300000000064e+01
3.332893799999999906e+00	-1.816787300000000016e+01
3.333937900000000010e+00	-1.820178899999999800e+01
3.335107299999999775e+00	-1.825831599999999710e+01
3.336353499999999972e+00	-1.824700900000000203e+01
3.337531999999999943e+00	-1.826961999999999975e+01
3.338620200000000260e+00	-1.829223200000000205e+01
3.339727299999999843e+00	-1.825831599999999710e+01
3.340915999999999997e+00	-1.823570499999999939e+01
3.342123599999999861e+00	-1.820178899999999800e+01
3.343280700000000216e+00	-1.820178899999999800e+01
3.344457599999999697e+00	-1.819048199999999937e+01
3.345762299999999634e+00	-1.823570499999999939e+01
3.347126499999999893e+00	-1.822439999999999927e+01
3.348403400000000030e+00	-1.829223200000000205e+01
3.349530100000000399e+00	-1.828092699999999837e+01
3.350538499999999864e+00	-1.824700900000000203e+01
3.351582599999999967e+00	-1.823570499999999939e+01
3.352820600000000262e+00	-1.822439999999999927e+01
3.354199200000000047e+00	-1.823570499999999939e+01
3.355472500000000302e+00	-1.825831599999999710e+01
3.356548899999999946e+00	-1.821309300000000064e+01
3.357583899999999844e+00	-1.826961999999999975e+01
3.358663900000000258e+00	-1.824700900000000203e+01
3.359820800000000052e+00	-1.820178899999999800e+01
3.361110399999999832e+00	-1.820178899999999800e+01
3.362419599999999953e+00	-1.820178899999999800e+01
3.363584499999999977e+00	-1.820178899999999800e+01
3.364645200000000003e+00	-1.824700900000000203e+01
3.365766100000000094e+00	-1.824700900000000203e+01
3.367038099999999812e+00	-1.822439999999999927e+01
3.368360000000000021e+00	-1.823570499999999939e+01
3.369527800000000184e+00	-1.820178899999999800e+01
3.370539200000000069e+00	-1.820178899999999800e+01
3.371591899999999864e+00	-1.823570499999999939e+01
3.372752600000000101e+00	-1.821309300000000064e+01
3.373943199999999809e+00	-1.822439999999999927e+01
3.375133500000000009e+00	-1.822439999999999927e+01
3.376377199999999856e+00	-1.824700900000000203e+01
3.377686399999999978e+00	-1.824700900000000203e+01
3.378925199999999851e+00	-1.821309300000000064e+01
3.379971500000000351e+00	-1.822439999999999927e+01
3.380935599999999930e+00	-1.819048199999999937e+01
3.382063800000000064e+00	-1.822439999999999927e+01
3.383409900000000192e+00	-1.824700900000000203e+01
3.384729099999999935e+00	-1.825831599999999710e+01
3.385858199999999929e+00	-1.829223200000000205e+01
3.386970799999999837e+00	-1.825831599999999710e+01
3.388195399999999857e+00	-1.829223200000000205e+01
3.389408400000000210e+00	-1.826961999999999975e+01
3.390620300000000142e+00	-1.831484299999999976e+01
3.391944099999999906e+00	-1.826961999999999975e+01
3.393227200000000110e+00	-1.821309300000000064e+01
3.394337499999999785e+00	-1.824700900000000203e+01
3.395439999999999792e+00	-1.824700900000000203e+01
3.396640699999999846e+00	-1.826961999999999975e+01
3.397825400000000329e+00	-1.825831599999999710e+01
3.398925900000000055e+00	-1.824700900000000203e+01
3.400041400000000102e+00	-1.822439999999999927e+01
3.401281899999999858e+00	-1.820178899999999800e+01
3.402575200000000244e+00	-1.825831599999999710e+01
3.403768499999999975e+00	-1.828092699999999837e+01
3.404882800000000209e+00	-1.826961999999999975e+01
3.406027200000000033e+00	-1.825831599999999710e+01
3.407213599999999953e+00	-1.829223200000000205e+01
3.408445299999999900e+00	-1.826961999999999975e+01
3.409705199999999881e+00	-1.823570499999999939e+01
3.410886799999999663e+00	-1.829223200000000205e+01
3.411993000000000276e+00	-1.824700900000000203e+01
3.413168100000000038e+00	-1.828092699999999837e+01
3.414419999999999789e+00	-1.836006500000000230e+01
3.415594200000000136e+00	-1.841659300000000243e+01
3.416641900000000120e+00	-1.830353600000000114e+01
3.417679600000000040e+00	-1.830353600000000114e+01
3.418835599999999975e+00	-1.833745400000000103e+01
3.420135299999999656e+00	-1.832614799999999988e+01
3.421457199999999865e+00	-1.833745400000000103e+01
3.422707800000000411e+00	-1.831484299999999976e+01
3.423907899999999671e+00	-1.836006500000000230e+01
3.425036099999999806e+00	-1.836006500000000230e+01
3.426117000000000079e+00	-1.836006500000000230e+01
3.427252100000000024e+00	-1.832614799999999988e+01
3.428454400000000124e+00	-1.832614799999999988e+01
3.429686999999999930e+00	-1.833745400000000103e+01
3.430909600000000115e+00	-1.832614799999999988e+01
3.432122900000000421e+00	-1.834875900000000115e+01
3.433393399999999929e+00	-1.838267499999999899e+01
3.434663800000000045e+00	-1.841659300000000243e+01
3.435795399999999944e+00	-1.839398100000000014e+01
3.436850900000000042e+00	-1.836006500000000230e+01
3.438009099999999929e+00	-1.833745400000000103e+01
3.439275400000000094e+00	-1.840528600000000026e+01
3.440524799999999939e+00	-1.841659300000000243e+01
3.441745300000000007e+00	-1.841659300000000243e+01
3.442965400000000287e+00	-1.838267499999999899e+01
3.444124799999999986e+00	-1.840528600000000026e+01
3.445264199999999999e+00	-1.841659300000000243e+01
3.446497899999999781e+00	-1.834875900000000115e+01
3.447729999999999961e+00	-1.832614799999999988e+01
3.448843000000000103e+00	-1.837136999999999887e+01
3.449965300000000124e+00	-1.838267499999999899e+01
3.451178099999999915e+00	-1.833745400000000103e+01
3.452317499999999928e+00	-1.832614799999999988e+01
3.453332500000000138e+00	-1.833745400000000103e+01
3.454433199999999982e+00	-1.837136999999999887e+01
3.455701499999999982e+00	-1.831484299999999976e+01
3.456967100000000404e+00	-1.833745400000000103e+01
3.458143999999999885e+00	-1.834875900000000115e+01
3.459335400000000060e+00	-1.834875900000000115e+01
3.460562799999999939e+00	-1.837136999999999887e+01
3.461730800000000219e+00	-1.837136999999999887e+01
3.462901499999999633e+00	-1.834875900000000115e+01
3.464166899999999938e+00	-1.837136999999999887e+01
3.465401299999999907e+00	-1.833745400000000103e+01
3.466510200000000097e+00	-1.834875900000000115e+01
3.467589499999999880e+00	-1.831484299999999976e+01
3.468732799999999727e+00	-1.832614799999999988e+01
3.469943699999999964e+00	-1.832614799999999988e+01
3.471175699999999864e+00	-1.829223200000000205e+01
3.472418500000000297e+00	-1.833745400000000103e+01
3.473723200000000233e+00	-1.839398100000000014e+01
3.475057799999999641e+00	-1.837136999999999887e+01
3.476302499999999629e+00	-1.832614799999999988e+01
3.477411199999999702e+00	-1.838267499999999899e+01
3.478443399999999741e+00	-1.837136999999999887e+01
3.479480300000000081e+00	-1.841659300000000243e+01
3.480608000000000146e+00	-1.837136999999999887e+01
3.481851800000000274e+00	-1.836006500000000230e+01
3.483108500000000163e+00	-1.837136999999999887e+01
3.484317399999999676e+00	-1.840528600000000026e+01
3.485557500000000086e+00	-1.841659300000000243e+01
3.486841000000000079e+00	-1.837136999999999887e+01
3.488055399999999917e+00	-1.832614799999999988e+01
3.489158199999999876e+00	-1.832614799999999988e+01
3.490247799999999678e+00	-1.832614799999999988e+01
3.491436499999999832e+00	-1.831484299999999976e+01
3.492697499999999788e+00	-1.838267499999999899e+01
3.493899799999999889e+00	-1.834875900000000115e+01
3.495033999999999974e+00	-1.832614799999999988e+01
3.496183599999999725e+00	-1.830353600000000114e+01
3.497321400000000136e+00	-1.832614799999999988e+01
3.498467800000000238e+00	-1.829223200000000205e+01
3.499750600000000045e+00	-1.829223200000000205e+01
3.501054400000000122e+00	-1.828092699999999837e+01
3.502165300000000148e+00	-1.830353600000000114e+01
3.503180799999999984e+00	-1.834875900000000115e+01
3.504267599999999927e+00	-1.838267499999999899e+01
3.505432199999999998e+00	-1.832614799999999988e+01
3.506690099999999699e+00	-1.833745400000000103e+01
3.508000899999999866e+00	-1.834875900000000115e+01
3.509245700000000134e+00	-1.836006500000000230e+01
3.510436700000000076e+00	-1.836006500000000230e+01
3.511615900000000234e+00	-1.837136999999999887e+01
3.512755700000000036e+00	-1.832614799999999988e+01
3.513912400000000158e+00	-1.832614799999999988e+01
3.515118800000000210e+00	-1.832614799999999988e+01
3.516297100000000064e+00	-1.831484299999999976e+01
3.517449200000000165e+00	-1.832614799999999988e+01
3.518608500000000028e+00	-1.834875900000000115e+01
3.519761799999999941e+00	-1.830353600000000114e+01
3.520985299999999985e+00	-1.833745400000000103e+01
3.522319500000000048e+00	-1.833745400000000103e+01
3.523621200000000009e+00	-1.830353600000000114e+01
3.524818100000000065e+00	-1.832614799999999988e+01
3.526015500000000191e+00	-1.832614799999999988e+01
3.527279200000000170e+00	-1.836006500000000230e+01
3.528569300000000020e+00	-1.831484299999999976e+01
3.529806199999999894e+00	-1.833745400000000103e+01
3.530918500000000293e+00	-1.833745400000000103e+01
3.531995200000000334e+00	-1.834875900000000115e+01
3.533251400000000153e+00	-1.831484299999999976e+01
3.534632500000000288e+00	-1.826961999999999975e+01
3.535827999999999971e+00	-1.833745400000000103e+01
3.536824799999999769e+00	-1.829223200000000205e+01
3.537907999999999831e+00	-1.831484299999999976e+01
3.539169900000000091e+00	-1.834875900000000115e+01
3.540468200000000287e+00	-1.836006500000000230e+01
3.541687399999999819e+00	-1.833745400000000103e+01
3.542843400000000198e+00	-1.831484299999999976e+01
3.543997800000000087e+00	-1.837136999999999887e+01
3.545147400000000282e+00	-1.834875900000000115e+01
3.546283100000000132e+00	-1.840528600000000026e+01
3.547396099999999830e+00	-1.839398100000000014e+01
3.548463200000000040e+00	-1.839398100000000014e+01
3.549606199999999934e+00	-1.837136999999999887e+01
3.550972500000000309e+00	-1.838267499999999899e+01
3.552428099999999755e+00	-1.836006500000000230e+01
3.553660900000000122e+00	-1.842789700000000153e+01
3.554630900000000260e+00	-1.839398100000000014e+01
3.555681599999999776e+00	-1.840528600000000026e+01
3.556953700000000218e+00	-1.836006500000000230e+01
3.558162200000000386e+00	-1.842789700000000153e+01
3.559210699999999949e+00	-1.845050900000000027e+01
3.560303400000000007e+00	-1.838267499999999899e+01
3.561499400000000204e+00	-1.840528600000000026e+01
3.562735899999999845e+00	-1.843920199999999809e+01
3.563942100000000224e+00	-1.839398100000000014e+01
3.565083899999999861e+00	-1.842789700000000153e+01
3.566285399999999939e+00	-1.843920199999999809e+01
3.567535499999999971e+00	-1.845050900000000027e+01
3.568663900000000222e+00	-1.845050900000000027e+01
3.569804200000000094e+00	-1.840528600000000026e+01
3.571157799999999938e+00	-1.838267499999999899e+01
3.572568900000000269e+00	-1.839398100000000014e+01
3.573820099999999833e+00	-1.842789700000000153e+01
3.574924400000000002e+00	-1.839398100000000014e+01
3.575983099999999748e+00	-1.842789700000000153e+01
3.577051299999999934e+00	-1.843920199999999809e+01
3.578146799999999850e+00	-1.843920199999999809e+01
3.579336900000000377e+00	-1.843920199999999809e+01
3.580686599999999942e+00	-1.838267499999999899e+01
3.582034900000000022e+00	-1.839398100000000014e+01
3.583141299999999863e+00	-1.840528600000000026e+01
3.584102200000000238e+00	-1.838267499999999899e+01
3.585235400000000183e+00	-1.837136999999999887e+01
3.586592400000000236e+00	-1.840528600000000026e+01
3.587924499999999739e+00	-1.838267499999999899e+01
3.589113499999999846e+00	-1.843920199999999809e+01
3.590287599999999912e+00	-1.842789700000000153e+01
3.591535000000000366e+00	-1.840528600000000026e+01
3.592817399999999939e+00	-1.843920199999999809e+01
3.594095700000000004e+00	-1.840528600000000026e+01
3.595318999999999932e+00	-1.840528600000000026e+01
3.596394399999999880e+00	-1.837136999999999887e+01
3.597375099999999826e+00	-1.843920199999999809e+01
3.598488800000000154e+00	-1.847312000000000154e+01
3.599794600000000067e+00	-1.842789700000000153e+01
3.601099500000000120e+00	-1.838267499999999899e+01
3.602275700000000302e+00	-1.839398100000000014e+01
3.603394100000000044e+00	-1.843920199999999809e+01
3.604587200000000102e+00	-1.841659300000000243e+01
3.605881399999999903e+00	-1.841659300000000243e+01
3.607178300000000171e+00	-1.846181299999999936e+01
3.608399800000000379e+00	-1.845050900000000027e+01
3.609546899999999781e+00	-1.845050900000000027e+01
3.610642600000000257e+00	-1.846181299999999936e+01
3.611738099999999729e+00	-1.846181299999999936e+01
3.612887699999999924e+00	-1.849572899999999720e+01
3.614097699999999858e+00	-1.847312000000000154e+01
3.615343100000000032e+00	-1.846181299999999936e+01
3.616591600000000017e+00	-1.839398100000000014e+01
3.617859399999999948e+00	-1.837136999999999887e+01
3.619185499999999944e+00	-1.839398100000000014e+01
3.620499000000000134e+00	-1.841659300000000243e+01
3.621672500000000294e+00	-1.840528600000000026e+01
3.622746999999999939e+00	-1.841659300000000243e+01
3.623869400000000240e+00	-1.843920199999999809e+01
3.625029000000000057e+00	-1.850703599999999938e+01
3.626145399999999963e+00	-1.848442499999999811e+01
3.627285899999999952e+00	-1.845050900000000027e+01
3.628531399999999962e+00	-1.841659300000000243e+01
3.629843800000000176e+00	-1.841659300000000243e+01
3.631188499999999930e+00	-1.845050900000000027e+01
3.632496399999999959e+00	-1.842789700000000153e+01
3.633640500000000273e+00	-1.841659300000000243e+01
3.634651400000000088e+00	-1.840528600000000026e+01
3.635690499999999936e+00	-1.843920199999999809e+01
3.636857399999999796e+00	-1.852964700000000065e+01
3.638114099999999684e+00	-1.848442499999999811e+01
3.639280700000000035e+00	-1.849572899999999720e+01
3.640284799999999876e+00	-1.858617399999999975e+01
3.641359400000000246e+00	-1.854095200000000077e+01
3.642669999999999852e+00	-1.850703599999999938e+01
3.644029199999999857e+00	-1.851834099999999950e+01
3.645254299999999947e+00	-1.849572899999999720e+01
3.646408499999999719e+00	-1.846181299999999936e+01
3.647591699999999992e+00	-1.850703599999999938e+01
3.648809500000000039e+00	-1.854095200000000077e+01
3.649999600000000122e+00	-1.852964700000000065e+01
3.651123300000000071e+00	-1.856356299999999848e+01
3.652279899999999913e+00	-1.855225699999999733e+01
3.653527099999999805e+00	-1.855225699999999733e+01
3.654699899999999779e+00	-1.856356299999999848e+01
3.655696700000000021e+00	-1.856356299999999848e+01
3.656662799999999880e+00	-1.859747899999999987e+01
3.657738900000000015e+00	-1.857486799999999860e+01
3.658916500000000127e+00	-1.858617399999999975e+01
3.660124800000000178e+00	-1.859747899999999987e+01
3.661333900000000252e+00	-1.858617399999999975e+01
3.662566100000000269e+00	-1.855225699999999733e+01
3.663795700000000100e+00	-1.854095200000000077e+01
3.664996700000000107e+00	-1.855225699999999733e+01
3.666235700000000097e+00	-1.856356299999999848e+01
3.667551500000000075e+00	-1.857486799999999860e+01
3.668880500000000211e+00	-1.854095200000000077e+01
3.670126699999999964e+00	-1.856356299999999848e+01
3.671243100000000315e+00	-1.852964700000000065e+01
3.672304999999999708e+00	-1.858617399999999975e+01
3.673454099999999833e+00	-1.857486799999999860e+01
3.674724400000000113e+00	-1.862009000000000114e+01
3.675976400000000144e+00	-1.863139500000000126e+01
3.677096200000000259e+00	-1.863139500000000126e+01
3.678200299999999867e+00	-1.862009000000000114e+01
3.679447199999999807e+00	-1.863139500000000126e+01
3.680804199999999859e+00	-1.866531299999999760e+01
3.682154300000000102e+00	-1.865400600000000253e+01
3.683411500000000061e+00	-1.863139500000000126e+01
3.684564500000000020e+00	-1.863139500000000126e+01
3.685667900000000330e+00	-1.859747899999999987e+01
3.686703200000000180e+00	-1.860878399999999999e+01
3.687682200000000243e+00	-1.862009000000000114e+01
3.688775199999999810e+00	-1.860878399999999999e+01
3.690073099999999773e+00	-1.863139500000000126e+01
3.691466199999999809e+00	-1.864270199999999988e+01
3.692783100000000207e+00	-1.859747899999999987e+01
3.693934300000000004e+00	-1.862009000000000114e+01
3.695014399999999810e+00	-1.865400600000000253e+01
3.696206000000000103e+00	-1.864270199999999988e+01
3.697508899999999876e+00	-1.866531299999999760e+01
3.698749000000000287e+00	-1.865400600000000253e+01
3.699935400000000207e+00	-1.868792200000000037e+01
3.701256399999999669e+00	-1.867661800000000127e+01
3.702665899999999954e+00	-1.864270199999999988e+01
3.703946300000000136e+00	-1.863139500000000126e+01
3.705051500000000164e+00	-1.863139500000000126e+01
3.706074899999999950e+00	-1.863139500000000126e+01
3.707105199999999989e+00	-1.865400600000000253e+01
3.708156600000000136e+00	-1.857486799999999860e+01
3.709251400000000309e+00	-1.860878399999999999e+01
3.710447300000000226e+00	-1.860878399999999999e+01
3.711661099999999713e+00	-1.862009000000000114e+01
3.712818599999999858e+00	-1.863139500000000126e+01
3.714013500000000079e+00	-1.863139500000000126e+01
3.715277400000000174e+00	-1.863139500000000126e+01
3.716562300000000096e+00	-1.864270199999999988e+01
3.717837000000000280e+00	-1.860878399999999999e+01
3.719050500000000259e+00	-1.857486799999999860e+01
3.720207600000000170e+00	-1.864270199999999988e+01
3.721342000000000372e+00	-1.864270199999999988e+01
3.722451500000000024e+00	-1.866531299999999760e+01
3.723621099999999906e+00	-1.865400600000000253e+01
3.724931699999999957e+00	-1.864270199999999988e+01
3.726251899999999839e+00	-1.863139500000000126e+01
3.727433099999999833e+00	-1.866531299999999760e+01
3.728569300000000197e+00	-1.859747899999999987e+01
3.729786799999999847e+00	-1.862009000000000114e+01
3.731007400000000196e+00	-1.857486799999999860e+01
3.732156299999999760e+00	-1.856356299999999848e+01
3.733342500000000008e+00	-1.855225699999999733e+01
3.734605100000000011e+00	-1.859747899999999987e+01
3.735802899999999926e+00	-1.863139500000000126e+01
3.736942299999999939e+00	-1.860878399999999999e+01
3.738183100000000092e+00	-1.862009000000000114e+01
3.739515700000000109e+00	-1.867661800000000127e+01
3.740789900000000223e+00	-1.857486799999999860e+01
3.741933099999999790e+00	-1.864270199999999988e+01
3.743044100000000096e+00	-1.863139500000000126e+01
3.744268299999999883e+00	-1.863139500000000126e+01
3.745564499999999963e+00	-1.857486799999999860e+01
3.746748199999999862e+00	-1.860878399999999999e+01
3.747747300000000337e+00	-1.860878399999999999e+01
3.748709800000000314e+00	-1.864270199999999988e+01
3.749834100000000170e+00	-1.867661800000000127e+01
3.751133800000000296e+00	-1.866531299999999760e+01
3.752481700000000142e+00	-1.855225699999999733e+01
3.753780400000000128e+00	-1.859747899999999987e+01
3.754971200000000398e+00	-1.855225699999999733e+01
3.756051500000000321e+00	-1.858617399999999975e+01
3.757128999999999941e+00	-1.859747899999999987e+01
3.758291100000000107e+00	-1.856356299999999848e+01
3.759493200000000090e+00	-1.854095200000000077e+01
3.760688500000000101e+00	-1.856356299999999848e+01
3.761897000000000268e+00	-1.857486799999999860e+01
3.763129800000000191e+00	-1.859747899999999987e+01
3.764407400000000070e+00	-1.864270199999999988e+01
3.765745099999999734e+00	-1.857486799999999860e+01
3.767052200000000184e+00	-1.862009000000000114e+01
3.768238199999999871e+00	-1.859747899999999987e+01
3.769350300000000153e+00	-1.854095200000000077e+01
3.770461000000000062e+00	-1.854095200000000077e+01
3.771583999999999826e+00	-1.855225699999999733e+01
3.772720699999999816e+00	-1.856356299999999848e+01
3.773891400000000118e+00	-1.852964700000000065e+01
3.775109899999999907e+00	-1.855225699999999733e+01
3.776309299999999869e+00	-1.856356299999999848e+01
3.777435699999999841e+00	-1.859747899999999987e+01
3.778627800000000203e+00	-1.863139500000000126e+01
3.779997799999999852e+00	-1.859747899999999987e+01
3.781323399999999779e+00	-1.862009000000000114e+01
3.782408400000000004e+00	-1.859747899999999987e+01
3.783457900000000151e+00	-1.862009000000000114e+01
3.784671900000000200e+00	-1.866531299999999760e+01
3.785948399999999658e+00	-1.863139500000000126e+01
3.787213200000000057e+00	-1.863139500000000126e+01
3.788474899999999757e+00	-1.864270199999999988e+01
3.789677699999999927e+00	-1.865400600000000253e+01
3.790862999999999872e+00	-1.862009000000000114e+01
3.792083599999999777e+00	-1.868792200000000037e+01
3.793250500000000081e+00	-1.863139500000000126e+01
3.794342499999999951e+00	-1.864270199999999988e+01
3.795488299999999704e+00	-1.864270199999999988e+01
3.796749300000000105e+00	-1.863139500000000126e+01
3.797973499999999891e+00	-1.864270199999999988e+01
3.799052399999999885e+00	-1.864270199999999988e+01
3.800139200000000272e+00	-1.856356299999999848e+01
3.801326599999999889e+00	-1.860878399999999999e+01
3.802516199999999902e+00	-1.864270199999999988e+01
3.803715299999999910e+00	-1.860878399999999999e+01
3.804999599999999926e+00	-1.858617399999999975e+01
3.806284400000000012e+00	-1.859747899999999987e+01
3.807448400000000177e+00	-1.858617399999999975e+01
3.808570200000000128e+00	-1.860878399999999999e+01
3.809792100000000126e+00	-1.863139500000000126e+01
3.811078399999999977e+00	-1.863139500000000126e+01
3.812317800000000201e+00	-1.858617399999999975e+01
3.813472899999999832e+00	-1.864270199999999988e+01
3.814599500000000365e+00	-1.865400600000000253e+01
3.815791400000000166e+00	-1.863139500000000126e+01
3.817035599999999640e+00	-1.862009000000000114e+01
3.818279300000000376e+00	-1.858617399999999975e+01
3.819532999999999845e+00	-1.856356299999999848e+01
3.820737699999999570e+00	-1.857486799999999860e+01
3.821845000000000159e+00	-1.852964700000000065e+01
3.822989600000000099e+00	-1.848442499999999811e+01
3.824270600000000186e+00	-1.847312000000000154e+01
3.825591600000000092e+00	-1.848442499999999811e+01
3.826832699999999754e+00	-1.850703599999999938e+01
3.827941299999999547e+00	-1.845050900000000027e+01
3.828968599999999611e+00	-1.847312000000000154e+01
3.830121399999999454e+00	-1.852964700000000065e+01
3.831461100000000286e+00	-1.855225699999999733e+01
3.832764400000000293e+00	-1.849572899999999720e+01
3.833926699999999688e+00	-1.848442499999999811e+01
3.835059000000000218e+00	-1.849572899999999720e+01
3.836194499999999952e+00	-1.854095200000000077e+01
3.837284599999999823e+00	-1.854095200000000077e+01
3.838375999999999788e+00	-1.855225699999999733e+01
3.839590999999999976e+00	-1.854095200000000077e+01
3.840937999999999519e+00	-1.848442499999999811e+01
3.842253599999999825e+00	-1.847312000000000154e+01
3.843423700000000220e+00	-1.850703599999999938e+01
3.844555500000000237e+00	-1.851834099999999950e+01
3.845735599999999810e+00	-1.851834099999999950e+01
3.846900699999999951e+00	-1.847312000000000154e+01
3.848113000000000117e+00	-1.849572899999999720e+01
3.849450900000000342e+00	-1.849572899999999720e+01
3.850739599999999818e+00	-1.841659300000000243e+01
3.851901999999999937e+00	-1.842789700000000153e+01
3.853080700000000469e+00	-1.841659300000000243e+01
3.854255700000000395e+00	-1.846181299999999936e+01
3.855364400000000025e+00	-1.854095200000000077e+01
3.856539499999999787e+00	-1.851834099999999950e+01
3.857771800000000084e+00	-1.849572899999999720e+01
3.858885999999999594e+00	-1.848442499999999811e+01
3.859934600000000327e+00	-1.849572899999999720e+01
3.861051899999999648e+00	-1.856356299999999848e+01
3.862250699999999703e+00	-1.856356299999999848e+01
3.863563499999999706e+00	-1.847312000000000154e+01
3.864924099999999640e+00	-1.843920199999999809e+01
3.866120099999999837e+00	-1.850703599999999938e+01
3.867150099999999924e+00	-1.849572899999999720e+01
3.868232900000000196e+00	-1.846181299999999936e+01
3.869416599999999651e+00	-1.847312000000000154e+01
3.870642999999999834e+00	-1.849572899999999720e+01
3.871900799999999698e+00	-1.843920199999999809e+01
3.873037699999999806e+00	-1.852964700000000065e+01
3.874000400000000344e+00	-1.849572899999999720e+01
3.875064999999999760e+00	-1.851834099999999950e+01
3.876345499999999777e+00	-1.848442499999999811e+01
3.877652500000000391e+00	-1.849572899999999720e+01
3.878904899999999767e+00	-1.851834099999999950e+01
3.880156799999999517e+00	-1.848442499999999811e+01
3.881407800000000297e+00	-1.854095200000000077e+01
3.882595600000000147e+00	-1.847312000000000154e+01
3.883690600000000437e+00	-1.845050900000000027e+01
3.884777900000000450e+00	-1.845050900000000027e+01
3.885958000000000023e+00	-1.847312000000000154e+01
3.887237699999999574e+00	-1.848442499999999811e+01
3.888555500000000276e+00	-1.850703599999999938e+01
3.889793800000000079e+00	-1.845050900000000027e+01
3.890899699999999850e+00	-1.842789700000000153e+01
3.892027099999999962e+00	-1.838267499999999899e+01
3.893328999999999596e+00	-1.845050900000000027e+01
3.894660900000000314e+00	-1.846181299999999936e+01
3.895812400000000064e+00	-1.846181299999999936e+01
3.896895999999999916e+00	-1.843920199999999809e+01
3.898107900000000292e+00	-1.846181299999999936e+01
3.899404400000000326e+00	-1.843920199999999809e+01
3.900661300000000331e+00	-1.843920199999999809e+01
3.901799999999999713e+00	-1.843920199999999809e+01
3.902835499999999680e+00	-1.845050900000000027e+01
3.903938299999999639e+00	-1.843920199999999809e+01
3.905213800000000290e+00	-1.849572899999999720e+01
3.906545300000000331e+00	-1.850703599999999938e+01
3.907823599999999953e+00	-1.843920199999999809e+01
3.909062800000000060e+00	-1.845050900000000027e+01
3.910235600000000034e+00	-1.845050900000000027e+01
3.911329300000000231e+00	-1.839398100000000014e+01
3.912478000000000122e+00	-1.839398100000000014e+01
3.913739400000000312e+00	-1.839398100000000014e+01
3.915000899999999895e+00	-1.830353600000000114e+01
3.916205999999999410e+00	-1.837136999999999887e+01
3.917364700000000255e+00	-1.837136999999999887e+01
3.918520599999999909e+00	-1.834875900000000115e+01
3.919752099999999739e+00	-1.840528600000000026e+01
3.920984900000000106e+00	-1.837136999999999887e+01
3.922094899999999829e+00	-1.837136999999999887e+01
3.923149100000000278e+00	-1.834875900000000115e+01
3.924242300000000405e+00	-1.832614799999999988e+01
3.925389999999999713e+00	-1.830353600000000114e+01
3.926651499999999739e+00	-1.825831599999999710e+01
3.928037600000000573e+00	-1.826961999999999975e+01
3.929383599999999976e+00	-1.829223200000000205e+01
3.930544199999999933e+00	-1.832614799999999988e+01
3.931619200000000092e+00	-1.828092699999999837e+01
3.932748799999999711e+00	-1.828092699999999837e+01
3.933872899999999895e+00	-1.822439999999999927e+01
3.934998399999999563e+00	-1.819048199999999937e+01
3.936259000000000174e+00	-1.817917699999999925e+01
3.937558200000000230e+00	-1.821309300000000064e+01
3.938717299999999533e+00	-1.823570499999999939e+01
3.939809200000000455e+00	-1.822439999999999927e+01
3.940982399999999775e+00	-1.823570499999999939e+01
3.942216600000000071e+00	-1.824700900000000203e+01
3.943410799999999661e+00	-1.822439999999999927e+01
3.944571699999999570e+00	-1.816787300000000016e+01
3.945777299999999599e+00	-1.817917699999999925e+01
3.947040600000000232e+00	-1.817917699999999925e+01
3.948296600000000378e+00	-1.820178899999999800e+01
3.949432500000000346e+00	-1.815656599999999798e+01
3.950430700000000517e+00	-1.815656599999999798e+01
3.951488900000000193e+00	-1.815656599999999798e+01
3.952748600000000501e+00	-1.807742800000000116e+01
3.954068700000000547e+00	-1.802090000000000103e+01
3.955297899999999700e+00	-1.794176200000000065e+01
3.956493899999999453e+00	-1.802090000000000103e+01
3.957734399999999653e+00	-1.803220699999999965e+01
3.958958099999999813e+00	-1.808873399999999876e+01
3.960077300000000022e+00	-1.800959600000000194e+01
3.961135000000000073e+00	-1.794176200000000065e+01
3.962294599999999889e+00	-1.796437300000000192e+01
3.963596999999999593e+00	-1.800959600000000194e+01
3.964851200000000020e+00	-1.794176200000000065e+01
3.965963499999999975e+00	-1.794176200000000065e+01
3.967063100000000286e+00	-1.790784600000000282e+01
3.968215900000000129e+00	-1.793045700000000053e+01
3.969374999999999432e+00	-1.797568000000000055e+01
3.970567400000000191e+00	-1.793045700000000053e+01
3.971845200000000187e+00	-1.788523500000000155e+01
3.973167599999999577e+00	-1.788523500000000155e+01
3.974416399999999960e+00	-1.782870699999999786e+01
3.975525899999999613e+00	-1.781740299999999877e+01
3.976609199999999511e+00	-1.782870699999999786e+01
3.977773300000000400e+00	-1.779479100000000003e+01
3.978977499999999612e+00	-1.780609799999999865e+01
3.980228000000000321e+00	-1.774957099999999954e+01
3.981573599999999935e+00	-1.776087499999999864e+01
3.982889699999999866e+00	-1.780609799999999865e+01
3.983988800000000552e+00	-1.778348700000000093e+01
3.984937399999999741e+00	-1.772695900000000080e+01
3.986003300000000138e+00	-1.770434799999999953e+01
3.987283000000000133e+00	-1.768173700000000181e+01
3.988637199999999439e+00	-1.776087499999999864e+01
3.989912299999999856e+00	-1.773826400000000092e+01
3.991075600000000279e+00	-1.776087499999999864e+01
3.992197900000000299e+00	-1.773826400000000092e+01
3.993340700000000076e+00	-1.763651400000000180e+01
3.994461600000000168e+00	-1.765912600000000054e+01
3.995520700000000147e+00	-1.769304299999999941e+01
3.996647100000000119e+00	-1.769304299999999941e+01
3.997931799999999480e+00	-1.769304299999999941e+01
3.999233699999999558e+00	-1.763651400000000180e+01
4.000480699999999779e+00	-1.760259800000000041e+01
4.001748500000000597e+00	-1.759129400000000132e+01
4.002988100000000493e+00	-1.761390500000000259e+01
4.004150499999999724e+00	-1.753476699999999866e+01
4.005346499999999921e+00	-1.759129400000000132e+01
4.006591999999999487e+00	-1.752346000000000004e+01
4.007771599999999879e+00	-1.751215499999999992e+01
4.008894799999999314e+00	-1.752346000000000004e+01
4.010034000000000098e+00	-1.744432300000000069e+01
4.011162699999999859e+00	-1.742171199999999942e+01
4.012323199999999979e+00	-1.748954399999999865e+01
4.013601000000000418e+00	-1.748954399999999865e+01
4.014915700000000420e+00	-1.742171199999999942e+01
4.016139400000000137e+00	-1.737649000000000044e+01
4.017284499999999703e+00	-1.741040599999999827e+01
4.018442300000000245e+00	-1.738779600000000158e+01
4.019616399999999423e+00	-1.733126700000000042e+01
4.020724200000000081e+00	-1.726343500000000120e+01
4.021782799999999547e+00	-1.727474000000000132e+01
4.022931100000000093e+00	-1.728604600000000246e+01
4.024250799999999906e+00	-1.724082399999999993e+01
4.025647699999999496e+00	-1.730865800000000121e+01
4.026925999999999561e+00	-1.726343500000000120e+01
4.028004700000000327e+00	-1.721821300000000221e+01
4.029022399999999671e+00	-1.721821300000000221e+01
4.030187500000000256e+00	-1.722951900000000336e+01
4.031492599999999982e+00	-1.719560299999999842e+01
4.032752699999999635e+00	-1.722951900000000336e+01
4.033941000000000443e+00	-1.722951900000000336e+01
4.035141499999999937e+00	-1.719560299999999842e+01
4.036320200000000469e+00	-1.719560299999999842e+01
4.037444299999999764e+00	-1.717299199999999715e+01
4.038585799999999892e+00	-1.719560299999999842e+01
4.039812699999999701e+00	-1.716168500000000208e+01
4.041052800000000111e+00	-1.716168500000000208e+01
4.042127299999999757e+00	-1.718429699999999727e+01
4.043079099999999926e+00	-1.715038099999999943e+01
4.044190100000000676e+00	-1.711646499999999804e+01
4.045554300000000048e+00	-1.710515799999999942e+01
4.046962199999999399e+00	-1.711646499999999804e+01
4.048262300000000202e+00	-1.709385299999999930e+01
4.049482399999999593e+00	-1.711646499999999804e+01
4.050620600000000238e+00	-1.702601999999999904e+01
4.051671100000000081e+00	-1.695818799999999982e+01
4.052759299999999953e+00	-1.695818799999999982e+01
4.053987099999999622e+00	-1.701471499999999892e+01
4.055324099999999987e+00	-1.703732600000000019e+01
4.056616500000000514e+00	-1.702601999999999904e+01
4.057710600000000056e+00	-1.703732600000000019e+01
4.058730200000000288e+00	-1.693557600000000107e+01
4.059864300000000092e+00	-1.689035599999999704e+01
4.061011199999999377e+00	-1.687904900000000197e+01
4.062104399999999949e+00	-1.685643800000000070e+01
4.063330399999999898e+00	-1.686774499999999932e+01
4.064727399999999768e+00	-1.686774499999999932e+01
4.066067999999999572e+00	-1.684513300000000058e+01
4.067213899999999605e+00	-1.681121699999999919e+01
4.068283500000000608e+00	-1.676599500000000020e+01
4.069451299999999883e+00	-1.676599500000000020e+01
4.070699999999999541e+00	-1.673207899999999881e+01
4.071885099999999369e+00	-1.673207899999999881e+01
4.073017400000000343e+00	-1.664163600000000187e+01
4.074234300000000530e+00	-1.663032899999999970e+01
4.075487100000000140e+00	-1.665294000000000096e+01
4.076607199999999764e+00	-1.669816300000000098e+01
4.077662699999999418e+00	-1.669816300000000098e+01
4.078847699999999854e+00	-1.665294000000000096e+01
4.080150999999999861e+00	-1.666424500000000108e+01
4.081409800000000310e+00	-1.666424500000000108e+01
4.082522500000000498e+00	-1.667555199999999971e+01
4.083562999999999832e+00	-1.659641300000000186e+01
4.084681699999999971e+00	-1.653988600000000275e+01
4.085908599999999780e+00	-1.651727500000000148e+01
4.087184599999999612e+00	-1.649466300000000274e+01
4.088448800000000105e+00	-1.649466300000000274e+01
4.089625700000000030e+00	-1.647205399999999997e+01
4.090733499999999800e+00	-1.640421999999999869e+01
4.091893999999999920e+00	-1.644944299999999870e+01
4.093109499999999734e+00	-1.634769299999999959e+01
4.094312300000000349e+00	-1.632508199999999832e+01
4.095546499999999313e+00	-1.637030400000000085e+01
4.096805699999999995e+00	-1.627986100000000036e+01
4.097988499999999590e+00	-1.626855499999999921e+01
4.099097200000000107e+00	-1.624594300000000047e+01
4.100241299999999534e+00	-1.614419499999999985e+01
4.101473700000000555e+00	-1.614419499999999985e+01
4.102775199999999955e+00	-1.607636199999999960e+01
4.104075700000000104e+00	-1.601983399999999946e+01
4.105263100000000165e+00	-1.598591799999999807e+01
4.106349500000000319e+00	-1.597461399999999898e+01
4.107542700000000657e+00	-1.592939099999999897e+01
4.108899200000000640e+00	-1.586155899999999797e+01
4.109988399999999764e+00	-1.580503000000000036e+01
4.110270299999999821e+00	-1.589547500000000113e+01
4.109796499999999853e+00	-1.604244599999999821e+01
4.109041600000000294e+00	-1.604244599999999821e+01
4.108270300000000042e+00	-1.611027800000000099e+01
4.107545500000000516e+00	-1.614419499999999985e+01
4.106843800000000044e+00	-1.613288900000000226e+01
4.106044800000000272e+00	-1.609897299999999731e+01
4.105210800000000049e+00	-1.624594300000000047e+01
4.104477700000000340e+00	-1.620072299999999998e+01
4.103732899999999795e+00	-1.626855499999999921e+01
4.102925200000000494e+00	-1.635899799999999971e+01
4.102151300000000056e+00	-1.639291499999999857e+01
4.101354100000000003e+00	-1.638160899999999742e+01
4.100512799999999736e+00	-1.647205399999999997e+01
4.099757499999999943e+00	-1.647205399999999997e+01
4.099048099999999195e+00	-1.643813600000000008e+01
4.098232199999999992e+00	-1.647205399999999997e+01
4.097345899999999652e+00	-1.650596999999999781e+01
4.096554199999999923e+00	-1.651727500000000148e+01
4.095893000000000228e+00	-1.647205399999999997e+01
4.095212700000000261e+00	-1.650596999999999781e+01
4.094385100000000222e+00	-1.653988600000000275e+01
4.093403300000000300e+00	-1.664163600000000187e+01
4.092388699999999879e+00	-1.666424500000000108e+01
4.091539700000000224e+00	-1.667555199999999971e+01
4.090835299999999286e+00	-1.668685599999999880e+01
4.090059100000000392e+00	-1.670946800000000110e+01
4.089164100000000523e+00	-1.674338399999999893e+01
4.088246900000000572e+00	-1.674338399999999893e+01
4.087348800000000004e+00	-1.672077200000000019e+01
4.086449700000000185e+00	-1.669816300000000098e+01
4.085552999999999990e+00	-1.678860599999999792e+01
4.084697100000000525e+00	-1.687904900000000197e+01
4.083861299999999694e+00	-1.684513300000000058e+01
4.082999999999999297e+00	-1.689035599999999704e+01
4.082105999999999568e+00	-1.690166100000000071e+01
4.081180999999999948e+00	-1.686774499999999932e+01
4.080290199999999423e+00	-1.690166100000000071e+01
4.079523900000000758e+00	-1.702601999999999904e+01
4.078820900000000194e+00	-1.696949199999999891e+01
4.078006900000000101e+00	-1.705993699999999791e+01
4.077077399999999407e+00	-1.704863100000000031e+01
4.076180599999999821e+00	-1.704863100000000031e+01
4.075326200000000121e+00	-1.703732600000000019e+01
4.074433899999999831e+00	-1.704863100000000031e+01
4.073497599999999608e+00	-1.708254900000000021e+01
4.072558100000000181e+00	-1.712776899999999713e+01
4.071705900000000433e+00	-1.721821300000000221e+01
4.070971999999999369e+00	-1.716168500000000208e+01
4.070156100000000166e+00	-1.710515799999999942e+01
4.069112500000000132e+00	-1.711646499999999804e+01
4.068047900000000716e+00	-1.713907599999999931e+01
4.067182999999999993e+00	-1.712776899999999713e+01
4.066396300000000075e+00	-1.715038099999999943e+01
4.065465899999999522e+00	-1.718429699999999727e+01
4.064394500000000576e+00	-1.718429699999999727e+01
4.063374900000000345e+00	-1.717299199999999715e+01
4.062516800000000039e+00	-1.721821300000000221e+01
4.061726000000000170e+00	-1.726343500000000120e+01
4.060878399999999999e+00	-1.721821300000000221e+01
4.060008899999999699e+00	-1.725213000000000108e+01
4.059224900000000247e+00	-1.727474000000000132e+01
4.058451899999999668e+00	-1.728604600000000246e+01
4.057527799999999907e+00	-1.734257399999999905e+01
4.056517399999999718e+00	-1.733126700000000042e+01
4.055591500000000238e+00	-1.734257399999999905e+01
4.054723800000000544e+00	-1.730865800000000121e+01
4.053808400000000312e+00	-1.729735099999999903e+01
4.052860299999999860e+00	-1.737649000000000044e+01
4.051918500000000201e+00	-1.735387799999999814e+01
4.050961299999999987e+00	-1.739910100000000170e+01
4.049992200000000153e+00	-1.737649000000000044e+01
4.049057700000000537e+00	-1.738779600000000158e+01
4.048201399999999950e+00	-1.738779600000000158e+01
4.047420599999999702e+00	-1.747823899999999853e+01
4.046637099999999876e+00	-1.742171199999999942e+01
4.045782599999999896e+00	-1.739910100000000170e+01
4.044854900000000697e+00	-1.743301699999999954e+01
4.043876299999999979e+00	-1.745562800000000081e+01
4.042882199999999315e+00	-1.753476699999999866e+01
4.041882699999999495e+00	-1.753476699999999866e+01
4.040879499999999958e+00	-1.745562800000000081e+01
4.039891299999999852e+00	-1.748954399999999865e+01
4.038910000000000444e+00	-1.750085100000000082e+01
4.037967300000000037e+00	-1.748954399999999865e+01
4.037142400000000464e+00	-1.750085100000000082e+01
4.036393399999999687e+00	-1.751215499999999992e+01
4.035558499999999604e+00	-1.751215499999999992e+01
4.034624900000000736e+00	-1.753476699999999866e+01
4.033685900000000046e+00	-1.755737799999999993e+01
4.032708600000000310e+00	-1.753476699999999866e+01
4.031694499999999515e+00	-1.753476699999999866e+01
4.030756799999999807e+00	-1.760259800000000041e+01
4.029855500000000035e+00	-1.765912600000000054e+01
4.028829599999999900e+00	-1.764782100000000042e+01
4.027743199999999746e+00	-1.763651400000000180e+01
4.026833299999999838e+00	-1.764782100000000042e+01
4.026025599999999649e+00	-1.764782100000000042e+01
4.025062000000000140e+00	-1.767043200000000169e+01
4.024015200000000014e+00	-1.774957099999999954e+01
4.023077999999999932e+00	-1.768173700000000181e+01
4.022221199999999719e+00	-1.764782100000000042e+01
4.021357199999999743e+00	-1.773826400000000092e+01
4.020447700000000069e+00	-1.777217999999999876e+01
4.019533700000000209e+00	-1.774957099999999954e+01
4.018712400000000073e+00	-1.771565299999999965e+01
4.017896599999999374e+00	-1.764782100000000042e+01
4.016932500000000239e+00	-1.767043200000000169e+01
4.015921099999999910e+00	-1.767043200000000169e+01
4.014948399999999751e+00	-1.769304299999999941e+01
4.013902999999999999e+00	-1.777217999999999876e+01
4.012823000000000029e+00	-1.777217999999999876e+01
4.011847500000000011e+00	-1.777217999999999876e+01
4.010985800000000268e+00	-1.774957099999999954e+01
4.010153100000000137e+00	-1.782870699999999786e+01
4.009226399999999302e+00	-1.788523500000000155e+01
4.008200399999999775e+00	-1.781740299999999877e+01
4.007181800000000571e+00	-1.780609799999999865e+01
4.006225499999999329e+00	-1.779479100000000003e+01
4.005388700000000135e+00	-1.786262499999999775e+01
4.004658900000000799e+00	-1.787392999999999788e+01
4.003853099999999721e+00	-1.794176200000000065e+01
4.002865400000000129e+00	-1.793045700000000053e+01
4.001797599999999733e+00	-1.794176200000000065e+01
4.000763999999999321e+00	-1.785131900000000016e+01
3.999788499999999747e+00	-1.786262499999999775e+01
3.998831699999999767e+00	-1.791915200000000041e+01
3.997880400000000556e+00	-1.803220699999999965e+01
3.997022799999999876e+00	-1.798698399999999964e+01
3.996217400000000364e+00	-1.799828899999999976e+01
3.995283800000000163e+00	-1.791915200000000041e+01
3.994273399999999974e+00	-1.788523500000000155e+01
3.993342499999999795e+00	-1.795306800000000180e+01
3.992431600000000191e+00	-1.796437300000000192e+01
3.991427499999999906e+00	-1.795306800000000180e+01
3.990373000000000392e+00	-1.795306800000000180e+01
3.989344800000000024e+00	-1.794176200000000065e+01
3.988271600000000028e+00	-1.788523500000000155e+01
3.987167899999999765e+00	-1.787392999999999788e+01
3.986295299999999653e+00	-1.785131900000000016e+01
3.985665399999999803e+00	-1.794176200000000065e+01
3.984898699999999572e+00	-1.798698399999999964e+01
3.983838700000000177e+00	-1.795306800000000180e+01
3.982746399999999909e+00	-1.796437300000000192e+01
3.981832400000000494e+00	-1.794176200000000065e+01
3.980971100000000096e+00	-1.796437300000000192e+01
3.979940599999999495e+00	-1.794176200000000065e+01
3.978824700000000103e+00	-1.802090000000000103e+01
3.977877900000000189e+00	-1.805481800000000092e+01
3.976999299999999682e+00	-1.805481800000000092e+01
3.975928799999999708e+00	-1.803220699999999965e+01
3.974823800000000240e+00	-1.803220699999999965e+01
3.973932500000000090e+00	-1.799828899999999976e+01
3.973150299999999913e+00	-1.799828899999999976e+01
3.972355400000000092e+00	-1.803220699999999965e+01
3.971513300000000246e+00	-1.804351199999999977e+01
3.970481399999999716e+00	-1.804351199999999977e+01
3.969291400000000358e+00	-1.808873399999999876e+01
3.968246300000000115e+00	-1.806612300000000104e+01
3.967371399999999770e+00	-1.807742800000000116e+01
3.966391899999999637e+00	-1.808873399999999876e+01
3.965315000000000367e+00	-1.806612300000000104e+01
3.964399200000000345e+00	-1.807742800000000116e+01
3.963665199999999889e+00	-1.810003899999999888e+01
3.962884000000000295e+00	-1.806612300000000104e+01
3.961937200000000381e+00	-1.807742800000000116e+01
3.960899000000000392e+00	-1.811134500000000003e+01
3.959840800000000272e+00	-1.807742800000000116e+01
3.958809400000000256e+00	-1.804351199999999977e+01
3.957845400000000069e+00	-1.803220699999999965e+01
3.956917699999999538e+00	-1.808873399999999876e+01
3.955969099999999905e+00	-1.800959600000000194e+01
3.954994999999999816e+00	-1.804351199999999977e+01
3.954043199999999647e+00	-1.804351199999999977e+01
3.953146000000000271e+00	-1.808873399999999876e+01
3.952300200000000263e+00	-1.806612300000000104e+01
3.951472100000000154e+00	-1.812265000000000015e+01
3.950558900000000317e+00	-1.810003899999999888e+01
3.949533499999999808e+00	-1.814526099999999786e+01
3.948507600000000117e+00	-1.812265000000000015e+01
3.947505299999999995e+00	-1.812265000000000015e+01
3.946508100000000407e+00	-1.811134500000000003e+01
3.945579900000000251e+00	-1.810003899999999888e+01
3.944681300000000057e+00	-1.812265000000000015e+01
3.943712699999999849e+00	-1.820178899999999800e+01
3.942721399999999932e+00	-1.819048199999999937e+01
3.941735500000000503e+00	-1.817917699999999925e+01
3.940692299999999815e+00	-1.812265000000000015e+01
3.939631400000000117e+00	-1.815656599999999798e+01
3.938681400000000554e+00	-1.813395500000000027e+01
3.937863800000000136e+00	-1.814526099999999786e+01
3.937003400000000042e+00	-1.814526099999999786e+01
3.935940200000000111e+00	-1.813395500000000027e+01
3.934743299999999611e+00	-1.813395500000000027e+01
3.933615499999999710e+00	-1.812265000000000015e+01
3.932696899999999829e+00	-1.819048199999999937e+01
3.931944800000000129e+00	-1.824700900000000203e+01
3.931172600000000461e+00	-1.829223200000000205e+01
3.930242199999999908e+00	-1.823570499999999939e+01
3.929193600000000064e+00	-1.816787300000000016e+01
3.928175800000000439e+00	-1.824700900000000203e+01
3.927207200000000231e+00	-1.821309300000000064e+01
3.926190399999999858e+00	-1.825831599999999710e+01
3.925154499999999658e+00	-1.828092699999999837e+01
3.924198599999999537e+00	-1.823570499999999939e+01
3.923260499999999595e+00	-1.820178899999999800e+01
3.922220499999999888e+00	-1.819048199999999937e+01
3.921151299999999562e+00	-1.820178899999999800e+01
3.920222300000000271e+00	-1.820178899999999800e+01
3.919415100000000152e+00	-1.816787300000000016e+01
3.918526500000000024e+00	-1.821309300000000064e+01
3.917500599999999888e+00	-1.820178899999999800e+01
3.916472500000000245e+00	-1.824700900000000203e+01
3.915434700000000046e+00	-1.823570499999999939e+01
3.914354200000000006e+00	-1.829223200000000205e+01
3.913401099999999744e+00	-1.826961999999999975e+01
3.912595299999999998e+00	-1.824700900000000203e+01
3.911729400000000023e+00	-1.826961999999999975e+01
3.910751699999999609e+00	-1.828092699999999837e+01
3.909749499999999767e+00	-1.828092699999999837e+01
3.908716299999999588e+00	-1.828092699999999837e+01
3.907644900000000199e+00	-1.825831599999999710e+01
3.906617199999999901e+00	-1.819048199999999937e+01
3.905680399999999608e+00	-1.829223200000000205e+01
3.904799499999999757e+00	-1.828092699999999837e+01
3.903860900000000189e+00	-1.826961999999999975e+01
3.902773600000000176e+00	-1.829223200000000205e+01
3.901683200000000351e+00	-1.824700900000000203e+01
3.900770899999999930e+00	-1.828092699999999837e+01
3.899945999999999913e+00	-1.826961999999999975e+01
3.899095599999999884e+00	-1.823570499999999939e+01
3.898248900000000017e+00	-1.821309300000000064e+01
3.897322100000000233e+00	-1.815656599999999798e+01
3.896231199999999895e+00	-1.815656599999999798e+01
3.895103399999999993e+00	-1.813395500000000027e+01
3.894049799999999895e+00	-1.816787300000000016e+01
3.893055699999999675e+00	-1.822439999999999927e+01
3.892092499999999955e+00	-1.821309300000000064e+01
3.891131200000000234e+00	-1.819048199999999937e+01
3.890133500000000133e+00	-1.816787300000000016e+01
3.889080299999999824e+00	-1.821309300000000064e+01
3.888055299999999992e+00	-1.821309300000000064e+01
3.887122099999999580e+00	-1.825831599999999710e+01
3.886168099999999903e+00	-1.824700900000000203e+01
3.885143999999999931e+00	-1.825831599999999710e+01
3.884151300000000084e+00	-1.824700900000000203e+01
3.883219099999999813e+00	-1.826961999999999975e+01
3.882292700000000263e+00	-1.826961999999999975e+01
3.881324999999999470e+00	-1.825831599999999710e+01
3.880312799999999562e+00	-1.826961999999999975e+01
3.879332300000000178e+00	-1.824700900000000203e+01
3.878438299999999561e+00	-1.830353600000000114e+01
3.877526499999999654e+00	-1.831484299999999976e+01
3.876487000000000460e+00	-1.836006500000000230e+01
3.875425100000000178e+00	-1.834875900000000115e+01
3.874447399999999764e+00	-1.836006500000000230e+01
3.873426100000000094e+00	-1.832614799999999988e+01
3.872316500000000161e+00	-1.833745400000000103e+01
3.871299699999999788e+00	-1.830353600000000114e+01
3.870416500000000593e+00	-1.830353600000000114e+01
3.869549800000000150e+00	-1.829223200000000205e+01
3.868630299999999966e+00	-1.826961999999999975e+01
3.867577600000000171e+00	-1.826961999999999975e+01
3.866411100000000101e+00	-1.823570499999999939e+01
3.865382000000000318e+00	-1.826961999999999975e+01
3.864567599999999548e+00	-1.831484299999999976e+01
3.863683599999999885e+00	-1.826961999999999975e+01
3.862577600000000277e+00	-1.829223200000000205e+01
3.861449800000000376e+00	-1.832614799999999988e+01
3.860571299999999706e+00	-1.828092699999999837e+01
3.859919600000000006e+00	-1.836006500000000230e+01
3.859133400000000158e+00	-1.832614799999999988e+01
3.858052900000000118e+00	-1.831484299999999976e+01
3.856953300000000251e+00	-1.831484299999999976e+01
3.856006999999999962e+00	-1.836006500000000230e+01
3.855103400000000402e+00	-1.833745400000000103e+01
3.854137500000000216e+00	-1.836006500000000230e+01
3.853084299999999907e+00	-1.839398100000000014e+01
3.852028400000000463e+00	-1.840528600000000026e+01
3.851081599999999661e+00	-1.839398100000000014e+01
3.850188500000000236e+00	-1.840528600000000026e+01
3.849259900000000290e+00	-1.834875900000000115e+01
3.848283999999999594e+00	-1.838267499999999899e+01
3.847208100000000464e+00	-1.839398100000000014e+01
3.846049399999999618e+00	-1.841659300000000243e+01
3.844996200000000197e+00	-1.838267499999999899e+01
3.844143499999999936e+00	-1.837136999999999887e+01
3.843309999999999782e+00	-1.837136999999999887e+01
3.842311300000000429e+00	-1.840528600000000026e+01
3.841267200000000326e+00	-1.838267499999999899e+01
3.840345900000000423e+00	-1.837136999999999887e+01
3.839412799999999848e+00	-1.838267499999999899e+01
3.838309099999999585e+00	-1.840528600000000026e+01
3.837180899999999895e+00	-1.845050900000000027e+01
3.836204499999999573e+00	-1.843920199999999809e+01
3.835333700000000068e+00	-1.841659300000000243e+01
3.834418699999999625e+00	-1.825831599999999710e+01
3.833386500000000030e+00	-1.825831599999999710e+01
3.832340999999999998e+00	-1.825831599999999710e+01
3.831371900000000608e+00	-1.830353600000000114e+01
3.830405100000000118e+00	-1.828092699999999837e+01
3.829424299999999892e+00	-1.824700900000000203e+01
3.828469699999999420e+00	-1.828092699999999837e+01
3.827444300000000244e+00	-1.829223200000000205e+01
3.826316500000000342e+00	-1.825831599999999710e+01
3.825261999999999940e+00	-1.821309300000000064e+01
3.824342500000000200e+00	-1.826961999999999975e+01
3.823386600000000080e+00	-1.829223200000000205e+01
3.822273799999999611e+00	-1.830353600000000114e+01
3.821150099999999661e+00	-1.838267499999999899e+01
3.820237899999999964e+00	-1.839398100000000014e+01
3.819435699999999656e+00	-1.832614799999999988e+01
3.818435300000000421e+00	-1.829223200000000205e+01
3.817243900000000245e+00	-1.837136999999999887e+01
3.816147900000000259e+00	-1.838267499999999899e+01
3.815234299999999745e+00	-1.841659300000000243e+01
3.814355500000000010e+00	-1.840528600000000026e+01
3.813438099999999942e+00	-1.838267499999999899e+01
3.812502199999999952e+00	-1.838267499999999899e+01
3.811512000000000011e+00	-1.842789700000000153e+01
3.810407400000000333e+00	-1.839398100000000014e+01
3.809257600000000021e+00	-1.840528600000000026e+01
3.808226200000000006e+00	-1.846181299999999936e+01
3.807375600000000304e+00	-1.845050900000000027e+01
3.806619599999999881e+00	-1.847312000000000154e+01
3.805766500000000274e+00	-1.849572899999999720e+01
3.804674400000000123e+00	-1.846181299999999936e+01
3.803476400000000091e+00	-1.848442499999999811e+01
3.802426399999999873e+00	-1.846181299999999936e+01
3.801530099999999912e+00	-1.846181299999999936e+01
3.800569400000000098e+00	-1.845050900000000027e+01
3.799459399999999931e+00	-1.846181299999999936e+01
3.798337500000000144e+00	-1.846181299999999936e+01
3.797288899999999856e+00	-1.851834099999999950e+01
3.796262899999999885e+00	-1.849572899999999720e+01
3.795189999999999841e+00	-1.845050900000000027e+01
3.794062900000000127e+00	-1.848442499999999811e+01
3.793030400000000135e+00	-1.840528600000000026e+01
3.792223400000000133e+00	-1.840528600000000026e+01
3.791476300000000244e+00	-1.845050900000000027e+01
3.790565599999999868e+00	-1.846181299999999936e+01
3.789494499999999988e+00	-1.847312000000000154e+01
3.788349900000000048e+00	-1.847312000000000154e+01
3.787224200000000263e+00	-1.850703599999999938e+01
3.786215799999999909e+00	-1.850703599999999938e+01
3.785310400000000186e+00	-1.847312000000000154e+01
3.784373299999999940e+00	-1.841659300000000243e+01
3.783301999999999943e+00	-1.839398100000000014e+01
3.782180300000000273e+00	-1.845050900000000027e+01
3.781177599999999916e+00	-1.848442499999999811e+01
3.780288800000000116e+00	-1.848442499999999811e+01
3.779388900000000273e+00	-1.847312000000000154e+01
3.778442999999999774e+00	-1.845050900000000027e+01
3.777500999999999998e+00	-1.847312000000000154e+01
3.776552600000000037e+00	-1.852964700000000065e+01
3.775504200000000310e+00	-1.848442499999999811e+01
3.774372799999999639e+00	-1.850703599999999938e+01
3.773323199999999655e+00	-1.848442499999999811e+01
3.772364599999999957e+00	-1.848442499999999811e+01
3.771322599999999969e+00	-1.847312000000000154e+01
3.770204300000000064e+00	-1.845050900000000027e+01
3.769161100000000264e+00	-1.848442499999999811e+01
3.768155699999999886e+00	-1.848442499999999811e+01
3.767105499999999996e+00	-1.846181299999999936e+01
3.766108899999999871e+00	-1.846181299999999936e+01
3.765234200000000087e+00	-1.848442499999999811e+01
3.764328499999999966e+00	-1.849572899999999720e+01
3.763207599999999875e+00	-1.850703599999999938e+01
3.761957000000000217e+00	-1.849572899999999720e+01
3.760828999999999755e+00	-1.850703599999999938e+01
3.759885900000000003e+00	-1.850703599999999938e+01
3.759003400000000106e+00	-1.849572899999999720e+01
3.758097100000000079e+00	-1.849572899999999720e+01
3.757161900000000276e+00	-1.852964700000000065e+01
3.756185599999999791e+00	-1.858617399999999975e+01
3.755170800000000142e+00	-1.854095200000000077e+01
3.754183599999999732e+00	-1.856356299999999848e+01
3.753235699999999841e+00	-1.858617399999999975e+01
3.752260200000000268e+00	-1.852964700000000065e+01
3.751240000000000130e+00	-1.852964700000000065e+01
3.750201799999999697e+00	-1.852964700000000065e+01
3.749188199999999860e+00	-1.857486799999999860e+01
3.748186400000000251e+00	-1.856356299999999848e+01
3.747117300000000206e+00	-1.858617399999999975e+01
3.746052199999999832e+00	-1.860878399999999999e+01
3.745098599999999944e+00	-1.860878399999999999e+01
3.744148400000000265e+00	-1.859747899999999987e+01
3.743088399999999982e+00	-1.864270199999999988e+01
3.741972699999999818e+00	-1.860878399999999999e+01
3.740897499999999987e+00	-1.857486799999999860e+01
3.739870199999999922e+00	-1.859747899999999987e+01
3.738841299999999812e+00	-1.856356299999999848e+01
3.737842699999999851e+00	-1.860878399999999999e+01
3.736919600000000230e+00	-1.859747899999999987e+01
3.736011899999999830e+00	-1.859747899999999987e+01
3.735034200000000304e+00	-1.856356299999999848e+01
3.734001899999999985e+00	-1.859747899999999987e+01
3.733039900000000078e+00	-1.863139500000000126e+01
3.732146999999999881e+00	-1.860878399999999999e+01
3.731123999999999885e+00	-1.863139500000000126e+01
3.729950499999999725e+00	-1.866531299999999760e+01
3.728852099999999670e+00	-1.862009000000000114e+01
3.727891200000000183e+00	-1.860878399999999999e+01
3.726926699999999926e+00	-1.867661800000000127e+01
3.725906900000000022e+00	-1.862009000000000114e+01
3.724859899999999779e+00	-1.865400600000000253e+01
3.723824000000000023e+00	-1.866531299999999760e+01
3.722896099999999819e+00	-1.859747899999999987e+01
3.722021100000000082e+00	-1.859747899999999987e+01
3.720975900000000003e+00	-1.866531299999999760e+01
3.719796699999999845e+00	-1.873314500000000038e+01
3.718733999999999984e+00	-1.867661800000000127e+01
3.717753299999999594e+00	-1.864270199999999988e+01
3.716662600000000261e+00	-1.872184000000000026e+01
3.715540100000000123e+00	-1.874445000000000050e+01
3.714544800000000091e+00	-1.876706100000000177e+01
3.713611699999999960e+00	-1.871053400000000266e+01
3.712606699999999815e+00	-1.868792200000000037e+01
3.711568100000000037e+00	-1.871053400000000266e+01
3.710581499999999977e+00	-1.867661800000000127e+01
3.709583599999999759e+00	-1.863139500000000126e+01
3.708532200000000056e+00	-1.860878399999999999e+01
3.707516000000000034e+00	-1.863139500000000126e+01
3.706517199999999956e+00	-1.866531299999999760e+01
3.705434200000000011e+00	-1.872184000000000026e+01
3.704336000000000073e+00	-1.869922900000000254e+01
3.703318499999999958e+00	-1.872184000000000026e+01
3.702313699999999930e+00	-1.876706100000000177e+01
3.701274900000000034e+00	-1.882358800000000087e+01
3.700248300000000157e+00	-1.873314500000000038e+01
3.699216700000000024e+00	-1.875575600000000165e+01
3.698176200000000247e+00	-1.875575600000000165e+01
3.697224900000000147e+00	-1.875575600000000165e+01
3.696362900000000007e+00	-1.875575600000000165e+01
3.695396300000000078e+00	-1.875575600000000165e+01
3.694224500000000244e+00	-1.877836699999999936e+01
3.693064899999999984e+00	-1.877836699999999936e+01
3.692125599999999785e+00	-1.877836699999999936e+01
3.691314499999999832e+00	-1.876706100000000177e+01
3.690408399999999922e+00	-1.875575600000000165e+01
3.689320899999999792e+00	-1.876706100000000177e+01
3.688230899999999757e+00	-1.878967199999999949e+01
3.687304799999999716e+00	-1.880097699999999961e+01
3.686366000000000032e+00	-1.882358800000000087e+01
3.685205900000000145e+00	-1.881228300000000075e+01
3.683987199999999795e+00	-1.875575600000000165e+01
3.682934400000000164e+00	-1.881228300000000075e+01
3.681929000000000229e+00	-1.884619899999999859e+01
3.680823299999999687e+00	-1.882358800000000087e+01
3.679724199999999890e+00	-1.880097699999999961e+01
3.678760299999999983e+00	-1.876706100000000177e+01
3.677917400000000114e+00	-1.876706100000000177e+01
3.677056799999999903e+00	-1.877836699999999936e+01
3.676045699999999972e+00	-1.881228300000000075e+01
3.674897000000000080e+00	-1.882358800000000087e+01
3.673720599999999781e+00	-1.886881100000000089e+01
3.672633299999999767e+00	-1.888011499999999998e+01
3.671647199999999778e+00	-1.880097699999999961e+01
3.670682400000000012e+00	-1.878967199999999949e+01
3.669731500000000146e+00	-1.889142199999999860e+01
3.668754499999999918e+00	-1.885750399999999871e+01
3.667663099999999954e+00	-1.888011499999999998e+01
3.666542200000000307e+00	-1.881228300000000075e+01
3.665543299999999949e+00	-1.883489499999999950e+01
3.664621799999999929e+00	-1.891403100000000137e+01
3.663569299999999807e+00	-1.889142199999999860e+01
3.662345100000000020e+00	-1.891403100000000137e+01
3.661207300000000053e+00	-1.894794899999999771e+01
3.660344200000000381e+00	-1.886881100000000089e+01
3.659577000000000080e+00	-1.885750399999999871e+01
3.658610699999999660e+00	-1.885750399999999871e+01
3.657449700000000359e+00	-1.890272599999999770e+01
3.656352000000000046e+00	-1.892533799999999999e+01
3.655418800000000079e+00	-1.893664200000000264e+01
3.654480200000000067e+00	-1.899317000000000277e+01
3.653423399999999877e+00	-1.894794899999999771e+01
3.652373400000000103e+00	-1.893664200000000264e+01
3.651445700000000016e+00	-1.886881100000000089e+01
3.650562799999999886e+00	-1.890272599999999770e+01
3.649581200000000081e+00	-1.895925399999999783e+01
3.648430000000000284e+00	-1.893664200000000264e+01
3.647198400000000174e+00	-1.892533799999999999e+01
3.646114700000000042e+00	-1.895925399999999783e+01
3.645256999999999969e+00	-1.902708700000000164e+01
3.644422800000000073e+00	-1.901578100000000049e+01
3.643436900000000200e+00	-1.903839200000000176e+01
3.642352999999999952e+00	-1.898186499999999910e+01
3.641289800000000021e+00	-1.904969700000000188e+01
3.640297100000000174e+00	-1.909491900000000086e+01
3.639343499999999842e+00	-1.904969700000000188e+01
3.638299899999999809e+00	-1.909491900000000086e+01
3.637120700000000095e+00	-1.907230799999999959e+01
3.636022499999999713e+00	-1.907230799999999959e+01
3.635121400000000058e+00	-1.908361500000000177e+01
3.634141000000000066e+00	-1.914014200000000088e+01
3.632941100000000034e+00	-1.910622400000000098e+01
3.631806099999999926e+00	-1.911753099999999961e+01
3.630845599999999784e+00	-1.903839200000000176e+01
3.629823800000000045e+00	-1.907230799999999959e+01
3.628698999999999675e+00	-1.908361500000000177e+01
3.627647899999999925e+00	-1.914014200000000088e+01
3.626670600000000189e+00	-1.915144700000000100e+01
3.625659700000000374e+00	-1.912883499999999870e+01
3.624623799999999729e+00	-1.909491900000000086e+01
3.623595400000000133e+00	-1.911753099999999961e+01
3.622579900000000297e+00	-1.910622400000000098e+01
3.621602900000000069e+00	-1.911753099999999961e+01
3.620611100000000082e+00	-1.918536299999999883e+01
3.619515600000000166e+00	-1.916275100000000009e+01
3.618376899999999896e+00	-1.920797400000000010e+01
3.617291399999999602e+00	-1.923058499999999782e+01
3.616175000000000139e+00	-1.914014200000000088e+01
3.614981800000000245e+00	-1.919666899999999998e+01
3.613938400000000328e+00	-1.925319599999999909e+01
3.613123900000000166e+00	-1.920797400000000010e+01
3.612222800000000067e+00	-1.923058499999999782e+01
3.611114600000000063e+00	-1.921927900000000022e+01
3.610095100000000112e+00	-1.919666899999999998e+01
3.609218999999999955e+00	-1.921927900000000022e+01
3.608172600000000063e+00	-1.924188999999999794e+01
3.606927699999999959e+00	-1.926450099999999921e+01
3.605753599999999892e+00	-1.926450099999999921e+01
3.604709900000000022e+00	-1.932102800000000187e+01
3.603696300000000186e+00	-1.923058499999999782e+01
3.602700000000000014e+00	-1.926450099999999921e+01
3.601700399999999913e+00	-1.926450099999999921e+01
3.600635399999999819e+00	-1.927580799999999783e+01
3.599563999999999986e+00	-1.933233500000000049e+01
3.598622499999999835e+00	-1.932102800000000187e+01
3.597765000000000324e+00	-1.927580799999999783e+01
3.596818499999999919e+00	-1.927580799999999783e+01
3.595754200000000012e+00	-1.926450099999999921e+01
3.594672300000000043e+00	-1.936625100000000188e+01
3.593620500000000106e+00	-1.933233500000000049e+01
3.592533200000000093e+00	-1.932102800000000187e+01
3.591368600000000022e+00	-1.935494399999999970e+01
3.590244400000000002e+00	-1.937755600000000200e+01
3.589226700000000214e+00	-1.935494399999999970e+01
3.588183099999999737e+00	-1.937755600000000200e+01
3.587071700000000085e+00	-1.937755600000000200e+01
3.586014800000000058e+00	-1.936625100000000188e+01
3.585030099999999997e+00	-1.938886200000000315e+01
3.584046499999999913e+00	-1.941147199999999984e+01
3.583059400000000227e+00	-1.944538900000000226e+01
3.582055800000000012e+00	-1.945669399999999882e+01
3.581004399999999865e+00	-1.947930500000000009e+01
3.579947799999999791e+00	-1.943408300000000111e+01
3.578897099999999831e+00	-1.941147199999999984e+01
3.577813899999999769e+00	-1.941147199999999984e+01
3.576745299999999794e+00	-1.941147199999999984e+01
3.575740000000000141e+00	-1.941147199999999984e+01
3.574761599999999984e+00	-1.937755600000000200e+01
3.573735300000000059e+00	-1.944538900000000226e+01
3.572636600000000051e+00	-1.944538900000000226e+01
3.571562000000000126e+00	-1.941147199999999984e+01
3.570578699999999994e+00	-1.941147199999999984e+01
3.569602100000000000e+00	-1.941147199999999984e+01
3.568590299999999882e+00	-1.943408300000000111e+01
3.567611700000000052e+00	-1.941147199999999984e+01
3.566621200000000158e+00	-1.941147199999999984e+01
3.565470299999999870e+00	-1.943408300000000111e+01
3.564231499999999997e+00	-1.941147199999999984e+01
3.563177000000000039e+00	-1.942277800000000099e+01
3.562302900000000161e+00	-1.943408300000000111e+01
3.561273400000000144e+00	-1.944538900000000226e+01
3.560008299999999792e+00	-1.947930500000000009e+01
3.558849999999999625e+00	-1.941147199999999984e+01
3.557925099999999841e+00	-1.943408300000000111e+01
3.556974199999999975e+00	-1.947930500000000009e+01
3.555877999999999872e+00	-1.946799899999999894e+01
3.554730900000000027e+00	-1.951322099999999793e+01
3.553599100000000011e+00	-1.950191700000000239e+01
3.552554500000000282e+00	-1.952452599999999805e+01
3.551629599999999609e+00	-1.952452599999999805e+01
3.550721900000000097e+00	-1.950191700000000239e+01
3.549746000000000290e+00	-1.955844400000000149e+01
3.548680500000000126e+00	-1.958105499999999921e+01
3.547533399999999837e+00	-1.955844400000000149e+01
3.546445900000000151e+00	-1.954713699999999932e+01
3.545513899999999996e+00	-1.960366399999999842e+01
3.544575099999999868e+00	-1.964888699999999844e+01
3.543508699999999845e+00	-1.959235999999999933e+01
3.542423199999999994e+00	-1.962627599999999717e+01
3.541358599999999690e+00	-1.956974800000000059e+01
3.540218100000000145e+00	-1.951322099999999793e+01
3.539027600000000273e+00	-1.955844400000000149e+01
3.537957600000000369e+00	-1.964888699999999844e+01
3.537067600000000311e+00	-1.967149799999999971e+01
3.536166999999999838e+00	-1.963758199999999832e+01
3.535097700000000120e+00	-1.963758199999999832e+01
3.534018099999999940e+00	-1.964888699999999844e+01
3.533080899999999858e+00	-1.969410900000000098e+01
3.532086099999999895e+00	-1.971671900000000122e+01
3.530853499999999645e+00	-1.971671900000000122e+01
3.529621400000000353e+00	-1.978455300000000250e+01
3.528668000000000138e+00	-1.976194100000000020e+01
3.527806299999999951e+00	-1.975063700000000111e+01
3.526720300000000030e+00	-1.976194100000000020e+01
3.525500199999999751e+00	-1.984108000000000160e+01
3.524380600000000197e+00	-1.980716400000000021e+01
3.523339500000000069e+00	-1.979585700000000159e+01
3.522294699999999779e+00	-1.978455300000000250e+01
3.521287000000000056e+00	-1.975063700000000111e+01
3.520294100000000093e+00	-1.973933000000000249e+01
3.519237500000000018e+00	-1.978455300000000250e+01
3.518168799999999763e+00	-1.984108000000000160e+01
3.517167699999999897e+00	-1.981846900000000034e+01
3.516126099999999699e+00	-1.972802500000000236e+01
3.514928300000000227e+00	-1.977324600000000032e+01
3.513759100000000135e+00	-1.981846900000000034e+01
3.512781399999999721e+00	-1.977324600000000032e+01
3.511803200000000125e+00	-1.976194100000000020e+01
3.510701799999999650e+00	-1.979585700000000159e+01
3.509605899999999945e+00	-1.981846900000000034e+01
3.508583199999999902e+00	-1.984108000000000160e+01
3.507549499999999654e+00	-1.988630200000000059e+01
3.506405800000000017e+00	-1.988630200000000059e+01
3.505229899999999787e+00	-1.986369099999999932e+01
3.504207100000000352e+00	-1.987499599999999944e+01
3.503299000000000163e+00	-1.992021799999999843e+01
3.502304500000000154e+00	-1.990891200000000083e+01
3.501204700000000170e+00	-1.990891200000000083e+01
3.500120599999999804e+00	-1.989760700000000071e+01
3.499050099999999830e+00	-1.986369099999999932e+01
3.497899800000000337e+00	-1.995413399999999982e+01
3.496683800000000009e+00	-1.992021799999999843e+01
3.495558299999999896e+00	-1.985238500000000172e+01
3.494636499999999923e+00	-1.988630200000000059e+01
3.493793399999999938e+00	-1.990891200000000083e+01
3.492783199999999866e+00	-1.989760700000000071e+01
3.491578099999999907e+00	-1.988630200000000059e+01
3.490371000000000112e+00	-1.989760700000000071e+01
3.489266199999999873e+00	-1.992021799999999843e+01
3.488207500000000127e+00	-1.990891200000000083e+01
3.487134600000000084e+00	-1.994283000000000072e+01
3.486041399999999957e+00	-1.989760700000000071e+01
3.484945399999999971e+00	-1.989760700000000071e+01
3.483885600000000249e+00	-1.986369099999999932e+01
3.482929099999999778e+00	-1.989760700000000071e+01
3.482008700000000179e+00	-1.993152299999999855e+01
3.480916299999999630e+00	-1.995413399999999982e+01
3.479723499999999969e+00	-1.996543899999999994e+01
3.478754899999999761e+00	-1.993152299999999855e+01
3.477966900000000194e+00	-1.995413399999999982e+01
3.476964999999999861e+00	-1.989760700000000071e+01
3.475664699999999829e+00	-1.986369099999999932e+01
3.474430299999999860e+00	-1.990891200000000083e+01
3.473505999999999982e+00	-1.992021799999999843e+01
3.472657700000000069e+00	-1.993152299999999855e+01
3.471572899999999962e+00	-1.994283000000000072e+01
3.470336700000000274e+00	-1.989760700000000071e+01
3.469205199999999767e+00	-1.986369099999999932e+01
3.468203400000000158e+00	-1.992021799999999843e+01
3.467192100000000110e+00	-1.990891200000000083e+01
3.466067900000000090e+00	-1.993152299999999855e+01
3.464851000000000347e+00	-1.996543899999999994e+01
3.463726400000000094e+00	-2.004457800000000134e+01
3.462791900000000034e+00	-1.997674599999999856e+01
3.461856500000000114e+00	-1.995413399999999982e+01
3.460807199999999639e+00	-1.999935699999999983e+01
3.459739700000000084e+00	-2.001066199999999995e+01
3.458637799999999984e+00	-2.001066199999999995e+01
3.457447300000000112e+00	-2.001066199999999995e+01
3.456277200000000160e+00	-2.003327299999999767e+01
3.455219900000000344e+00	-2.001066199999999995e+01
3.454237200000000119e+00	-2.001066199999999995e+01
3.453289099999999667e+00	-1.998805000000000121e+01
3.452341399999999894e+00	-1.998805000000000121e+01
3.451299999999999812e+00	-1.997674599999999856e+01
3.450152699999999850e+00	-2.002196600000000259e+01
3.449045399999999706e+00	-2.007849400000000273e+01
3.448069700000000015e+00	-2.008980000000000032e+01
3.447112200000000293e+00	-2.006718900000000261e+01
3.446038799999999735e+00	-2.007849400000000273e+01
3.444878800000000130e+00	-2.006718900000000261e+01
3.443735699999999955e+00	-2.003327299999999767e+01
3.442667499999999769e+00	-2.008980000000000032e+01
3.441627500000000062e+00	-2.005588399999999893e+01
3.440544099999999883e+00	-2.006718900000000261e+01
3.439523400000000120e+00	-2.010110500000000044e+01
3.438631200000000110e+00	-2.011241100000000159e+01
3.437656700000000232e+00	-2.013502100000000183e+01
3.436527499999999957e+00	-2.013502100000000183e+01
3.435423899999999975e+00	-2.008980000000000032e+01
3.434329099999999801e+00	-2.012371600000000171e+01
3.433134700000000095e+00	-2.018024300000000082e+01
3.431943699999999708e+00	-2.016893900000000173e+01
3.430837100000000195e+00	-2.016893900000000173e+01
3.429749999999999854e+00	-2.013502100000000183e+01
3.428640399999999921e+00	-2.013502100000000183e+01
3.427550399999999886e+00	-2.015763199999999955e+01
3.426565199999999756e+00	-2.006718900000000261e+01
3.425637900000000347e+00	-2.010110500000000044e+01
3.424584999999999990e+00	-2.014632699999999943e+01
3.423440100000000097e+00	-2.016893900000000173e+01
3.422374399999999817e+00	-2.014632699999999943e+01
3.421324899999999669e+00	-2.011241100000000159e+01
3.420230799999999682e+00	-2.010110500000000044e+01
3.419208000000000247e+00	-2.011241100000000159e+01
3.418253499999999612e+00	-2.012371600000000171e+01
3.417254699999999978e+00	-2.015763199999999955e+01
3.416172099999999823e+00	-2.013502100000000183e+01
3.415011600000000147e+00	-2.013502100000000183e+01
3.413819300000000112e+00	-2.016893900000000173e+01
3.412647399999999998e+00	-2.013502100000000183e+01
3.411503900000000034e+00	-2.011241100000000159e+01
3.410413700000000325e+00	-2.013502100000000183e+01
3.409412300000000062e+00	-2.019154999999999944e+01
3.408445999999999643e+00	-2.024807699999999855e+01
3.407387799999999967e+00	-2.021415899999999866e+01
3.406241800000000097e+00	-2.019154999999999944e+01
3.405137000000000302e+00	-2.015763199999999955e+01
3.404127300000000300e+00	-2.019154999999999944e+01
3.403211399999999998e+00	-2.016893900000000173e+01
3.402261199999999874e+00	-2.024807699999999855e+01
3.401092699999999969e+00	-2.025938199999999867e+01
3.399836899999999940e+00	-2.019154999999999944e+01
3.398736200000000096e+00	-2.022546600000000083e+01
3.397725100000000165e+00	-2.020285499999999956e+01
3.396629400000000132e+00	-2.019154999999999944e+01
3.395479299999999867e+00	-2.019154999999999944e+01
3.394391600000000064e+00	-2.021415899999999866e+01
3.393362199999999884e+00	-2.018024300000000082e+01
3.392318399999999734e+00	-2.013502100000000183e+01
3.391207200000000199e+00	-2.018024300000000082e+01
3.390071499999999904e+00	-2.014632699999999943e+01
3.389000100000000071e+00	-2.013502100000000183e+01
3.387940099999999788e+00	-2.019154999999999944e+01
3.386808000000000263e+00	-2.020285499999999956e+01
3.385689500000000240e+00	-2.022546600000000083e+01
3.384707500000000202e+00	-2.027068599999999776e+01
3.383830099999999952e+00	-2.023676999999999992e+01
3.382927800000000040e+00	-2.020285499999999956e+01
3.381898300000000024e+00	-2.023676999999999992e+01
3.380698199999999876e+00	-2.025938199999999867e+01
3.379435399999999756e+00	-2.025938199999999867e+01
3.378294400000000142e+00	-2.021415899999999866e+01
3.377239399999999669e+00	-2.025938199999999867e+01
3.376085699999999967e+00	-2.021415899999999866e+01
3.374864300000000039e+00	-2.016893900000000173e+01
3.373742599999999925e+00	-2.013502100000000183e+01
3.372753300000000287e+00	-2.018024300000000082e+01
3.371799699999999955e+00	-2.019154999999999944e+01
3.370747400000000393e+00	-2.022546600000000083e+01
3.369597799999999754e+00	-2.023676999999999992e+01
3.368462300000000020e+00	-2.022546600000000083e+01
3.367365900000000245e+00	-2.020285499999999956e+01
3.366296399999999966e+00	-2.021415899999999866e+01
3.365215000000000067e+00	-2.015763199999999955e+01
3.364114000000000271e+00	-2.013502100000000183e+01
3.363138399999999972e+00	-2.014632699999999943e+01
3.362284100000000109e+00	-2.011241100000000159e+01
3.361279600000000034e+00	-2.016893900000000173e+01
3.360069500000000264e+00	-2.016893900000000173e+01
3.358862199999999909e+00	-2.014632699999999943e+01
3.357719200000000015e+00	-2.019154999999999944e+01
3.356618399999999891e+00	-2.016893900000000173e+01
3.355589799999999734e+00	-2.018024300000000082e+01
3.354525699999999944e+00	-2.018024300000000082e+01
3.353288100000000327e+00	-2.018024300000000082e+01
3.352072300000000116e+00	-2.018024300000000082e+01
3.351162400000000208e+00	-2.012371600000000171e+01
3.350368399999999802e+00	-2.010110500000000044e+01
3.349303799999999942e+00	-2.007849400000000273e+01
3.348006000000000260e+00	-2.013502100000000183e+01
3.346788199999999769e+00	-2.012371600000000171e+01
3.345729500000000023e+00	-2.013502100000000183e+01
3.344647900000000007e+00	-2.019154999999999944e+01
3.343491900000000072e+00	-2.014632699999999943e+01
3.342399600000000248e+00	-2.014632699999999943e+01
3.341392600000000268e+00	-2.020285499999999956e+01
3.340362100000000112e+00	-2.013502100000000183e+01
3.339277099999999887e+00	-2.008980000000000032e+01
3.338157100000000099e+00	-2.012371600000000171e+01
3.336977000000000082e+00	-2.011241100000000159e+01
3.335783999999999860e+00	-2.010110500000000044e+01
3.334730999999999668e+00	-2.012371600000000171e+01
3.333824700000000085e+00	-2.016893900000000173e+01
3.332872199999999729e+00	-2.011241100000000159e+01
3.331781499999999951e+00	-2.007849400000000273e+01
3.330624199999999924e+00	-2.006718900000000261e+01
3.329482800000000076e+00	-2.005588399999999893e+01
3.328390900000000041e+00	-2.006718900000000261e+01
3.327280899999999875e+00	-2.005588399999999893e+01
3.326135999999999981e+00	-2.008980000000000032e+01
3.325043500000000041e+00	-2.004457800000000134e+01
3.323957300000000004e+00	-2.005588399999999893e+01
3.322829299999999986e+00	-2.008980000000000032e+01
3.321772100000000005e+00	-2.008980000000000032e+01
3.320802499999999657e+00	-2.011241100000000159e+01
3.319825699999999991e+00	-2.005588399999999893e+01
3.318840100000000071e+00	-1.998805000000000121e+01
3.317840299999999853e+00	-1.998805000000000121e+01
3.316692999999999891e+00	-1.996543899999999994e+01
3.315359700000000132e+00	-1.997674599999999856e+01
3.314068000000000236e+00	-2.002196600000000259e+01
3.313019499999999784e+00	-2.004457800000000134e+01
3.312074799999999986e+00	-2.005588399999999893e+01
3.310991800000000040e+00	-2.003327299999999767e+01
3.309794699999999867e+00	-2.001066199999999995e+01
3.308651200000000348e+00	-1.998805000000000121e+01
3.307613499999999984e+00	-1.995413399999999982e+01
3.306616000000000000e+00	-1.993152299999999855e+01
3.305569399999999991e+00	-1.999935699999999983e+01
3.304462999999999706e+00	-2.005588399999999893e+01
3.303384299999999829e+00	-2.002196600000000259e+01
3.302354799999999813e+00	-1.997674599999999856e+01
3.301267999999999869e+00	-1.999935699999999983e+01
3.300096300000000316e+00	-2.001066199999999995e+01
3.298956700000000186e+00	-1.993152299999999855e+01
3.297863699999999731e+00	-1.996543899999999994e+01
3.296702300000000196e+00	-1.999935699999999983e+01
3.295491299999999679e+00	-2.002196600000000259e+01
3.294395800000000207e+00	-2.007849400000000273e+01
3.293436999999999948e+00	-2.001066199999999995e+01
3.292405599999999932e+00	-1.999935699999999983e+01
3.291208499999999759e+00	-2.005588399999999893e+01
3.290020199999999839e+00	-1.998805000000000121e+01
3.288989799999999963e+00	-1.998805000000000121e+01
3.288074799999999964e+00	-2.003327299999999767e+01
3.287100800000000156e+00	-2.002196600000000259e+01
3.285963199999999862e+00	-2.002196600000000259e+01
3.284804700000000022e+00	-2.001066199999999995e+01
3.283763599999999894e+00	-1.995413399999999982e+01
3.282727899999999810e+00	-1.999935699999999983e+01
3.281582400000000010e+00	-1.998805000000000121e+01
3.280343200000000348e+00	-1.997674599999999856e+01
3.279065099999999955e+00	-1.995413399999999982e+01
3.277884400000000031e+00	-1.993152299999999855e+01
3.276877999999999957e+00	-1.996543899999999994e+01
3.275926899999999975e+00	-1.996543899999999994e+01
3.274910299999999719e+00	-1.999935699999999983e+01
3.273796900000000232e+00	-1.998805000000000121e+01
3.272600699999999918e+00	-1.997674599999999856e+01
3.271424199999999782e+00	-1.995413399999999982e+01
3.270365599999999873e+00	-1.993152299999999855e+01
3.269336000000000020e+00	-1.994283000000000072e+01
3.268189900000000314e+00	-1.992021799999999843e+01
3.266971600000000198e+00	-1.995413399999999982e+01
3.265814499999999843e+00	-1.997674599999999856e+01
3.264757899999999768e+00	-1.995413399999999982e+01
3.263755800000000207e+00	-2.001066199999999995e+01
3.262744899999999948e+00	-2.004457800000000134e+01
3.261661299999999652e+00	-2.007849400000000273e+01
3.260453899999999905e+00	-2.003327299999999767e+01
3.259183100000000000e+00	-2.003327299999999767e+01
3.258005300000000215e+00	-2.006718900000000261e+01
3.256988299999999725e+00	-2.010110500000000044e+01
3.256042400000000114e+00	-2.007849400000000273e+01
3.255024899999999999e+00	-2.008980000000000032e+01
3.253904200000000024e+00	-2.011241100000000159e+01
3.252789599999999837e+00	-2.002196600000000259e+01
3.251743700000000015e+00	-1.999935699999999983e+01
3.250737800000000011e+00	-2.003327299999999767e+01
3.249762400000000273e+00	-2.004457800000000134e+01
3.248737399999999997e+00	-1.998805000000000121e+01
3.247585900000000247e+00	-2.001066199999999995e+01
3.246420599999999990e+00	-1.997674599999999856e+01
3.245286300000000068e+00	-1.995413399999999982e+01
3.244080499999999923e+00	-1.996543899999999994e+01
3.242893899999999885e+00	-1.997674599999999856e+01
3.241911599999999893e+00	-1.999935699999999983e+01
3.241017100000000095e+00	-1.997674599999999856e+01
3.239952499999999791e+00	-2.002196600000000259e+01
3.238718399999999775e+00	-2.003327299999999767e+01
3.237493300000000129e+00	-1.998805000000000121e+01
3.236351399999999767e+00	-1.996543899999999994e+01
3.235223599999999866e+00	-1.996543899999999994e+01
3.234109499999999748e+00	-1.996543899999999994e+01
3.233113599999999810e+00	-1.990891200000000083e+01
3.232164099999999873e+00	-1.989760700000000071e+01
3.231044299999999758e+00	-1.990891200000000083e+01
3.229749399999999770e+00	-1.988630200000000059e+01
3.228508799999999734e+00	-1.993152299999999855e+01
3.227470600000000189e+00	-1.989760700000000071e+01
3.226487699999999847e+00	-1.987499599999999944e+01
3.225384299999999982e+00	-1.984108000000000160e+01
3.224257900000000010e+00	-1.980716400000000021e+01
3.223208300000000026e+00	-1.981846900000000034e+01
3.222145599999999721e+00	-1.986369099999999932e+01
3.221055300000000177e+00	-1.984108000000000160e+01
3.220005099999999842e+00	-1.987499599999999944e+01
3.218951399999999907e+00	-1.986369099999999932e+01
3.217820199999999797e+00	-1.978455300000000250e+01
3.216658100000000076e+00	-1.978455300000000250e+01
3.215542200000000239e+00	-1.979585700000000159e+01
3.214456899999999617e+00	-1.981846900000000034e+01
3.213377999999999624e+00	-1.979585700000000159e+01
3.212317599999999995e+00	-1.977324600000000032e+01
3.211274799999999985e+00	-1.979585700000000159e+01
3.210189300000000134e+00	-1.981846900000000034e+01
3.209001799999999793e+00	-1.977324600000000032e+01
3.207819200000000315e+00	-1.979585700000000159e+01
3.206753700000000151e+00	-1.985238500000000172e+01
3.205711399999999767e+00	-1.981846900000000034e+01
3.204593399999999814e+00	-1.980716400000000021e+01
3.203450899999999990e+00	-1.979585700000000159e+01
3.202399999999999913e+00	-1.982977299999999943e+01
3.201413399999999854e+00	-1.982977299999999943e+01
3.200317500000000148e+00	-1.980716400000000021e+01
3.199151300000000031e+00	-1.984108000000000160e+01
3.198080800000000057e+00	-1.984108000000000160e+01
3.197003899999999899e+00	-1.981846900000000034e+01
3.195787900000000015e+00	-1.984108000000000160e+01
3.194533700000000032e+00	-1.982977299999999943e+01
3.193371899999999819e+00	-1.980716400000000021e+01
3.192316899999999791e+00	-1.977324600000000032e+01
3.191281400000000268e+00	-1.971671900000000122e+01
3.190163400000000316e+00	-1.973933000000000249e+01
3.188930999999999738e+00	-1.973933000000000249e+01
3.187704999999999789e+00	-1.973933000000000249e+01
3.186658899999999850e+00	-1.975063700000000111e+01
3.185732600000000136e+00	-1.976194100000000020e+01
3.184709400000000024e+00	-1.973933000000000249e+01
3.183507700000000273e+00	-1.975063700000000111e+01
3.182223100000000304e+00	-1.978455300000000250e+01
3.180980499999999989e+00	-1.978455300000000250e+01
3.179814899999999778e+00	-1.978455300000000250e+01
3.178684200000000182e+00	-1.978455300000000250e+01
3.177542799999999890e+00	-1.979585700000000159e+01
3.176431199999999677e+00	-1.973933000000000249e+01
3.175377499999999742e+00	-1.978455300000000250e+01
3.174298900000000145e+00	-1.978455300000000250e+01
3.173170199999999941e+00	-1.976194100000000020e+01
3.172072899999999862e+00	-1.977324600000000032e+01
3.171007400000000143e+00	-1.975063700000000111e+01
3.169858700000000251e+00	-1.972802500000000236e+01
3.168655000000000221e+00	-1.971671900000000122e+01
3.167587200000000269e+00	-1.968280299999999983e+01
3.166642299999999910e+00	-1.976194100000000020e+01
3.165625900000000215e+00	-1.972802500000000236e+01
3.164486999999999828e+00	-1.972802500000000236e+01
3.163292600000000121e+00	-1.973933000000000249e+01
3.162058200000000152e+00	-1.972802500000000236e+01
3.160812200000000072e+00	-1.971671900000000122e+01
3.159652099999999741e+00	-1.968280299999999983e+01
3.158625300000000191e+00	-1.966019200000000211e+01
3.157646699999999917e+00	-1.968280299999999983e+01
3.156566900000000064e+00	-1.968280299999999983e+01
3.155349100000000018e+00	-1.969410900000000098e+01
3.154131000000000018e+00	-1.972802500000000236e+01
3.153023999999999827e+00	-1.975063700000000111e+01
3.151961200000000130e+00	-1.976194100000000020e+01
3.150858900000000240e+00	-1.975063700000000111e+01
3.149774799999999875e+00	-1.977324600000000032e+01
3.148758899999999805e+00	-1.973933000000000249e+01
3.147727999999999859e+00	-1.975063700000000111e+01
3.146600900000000145e+00	-1.971671900000000122e+01
3.145415999999999990e+00	-1.967149799999999971e+01
3.144220000000000237e+00	-1.964888699999999844e+01
3.142988599999999799e+00	-1.964888699999999844e+01
3.141780299999999748e+00	-1.967149799999999971e+01
3.140709399999999984e+00	-1.966019200000000211e+01
3.139740100000000034e+00	-1.967149799999999971e+01
3.138726199999999800e+00	-1.962627599999999717e+01
3.137602999999999920e+00	-1.961497100000000060e+01
3.136466400000000210e+00	-1.959235999999999933e+01
3.135416999999999899e+00	-1.958105499999999921e+01
3.134388399999999741e+00	-1.958105499999999921e+01
3.133257899999999818e+00	-1.958105499999999921e+01
3.132010100000000019e+00	-1.955844400000000149e+01
3.130779100000000259e+00	-1.959235999999999933e+01
3.129720700000000022e+00	-1.959235999999999933e+01
3.128742299999999865e+00	-1.961497100000000060e+01
3.127618999999999705e+00	-1.958105499999999921e+01
3.126379400000000253e+00	-1.961497100000000060e+01
3.125223000000000084e+00	-1.963758199999999832e+01
3.124193399999999787e+00	-1.960366399999999842e+01
3.123166200000000003e+00	-1.956974800000000059e+01
3.122044300000000216e+00	-1.956974800000000059e+01
3.120879700000000145e+00	-1.954713699999999932e+01
3.119768300000000050e+00	-1.954713699999999932e+01
3.118688500000000197e+00	-1.954713699999999932e+01
3.117573699999999892e+00	-1.951322099999999793e+01
3.116458399999999962e+00	-1.951322099999999793e+01
3.115404100000000120e+00	-1.953583300000000023e+01
3.114380399999999938e+00	-1.953583300000000023e+01
3.113310400000000033e+00	-1.953583300000000023e+01
3.112115600000000093e+00	-1.952452599999999805e+01
3.110810400000000087e+00	-1.956974800000000059e+01
3.109581700000000115e+00	-1.953583300000000023e+01
3.108558500000000002e+00	-1.953583300000000023e+01
3.107572000000000223e+00	-1.956974800000000059e+01
3.106398700000000179e+00	-1.952452599999999805e+01
3.105127500000000040e+00	-1.954713699999999932e+01
3.103985799999999795e+00	-1.955844400000000149e+01
3.102989899999999857e+00	-1.949061000000000021e+01
3.101936000000000249e+00	-1.949061000000000021e+01
3.100673000000000012e+00	-1.953583300000000023e+01
3.099359900000000057e+00	-1.953583300000000023e+01
3.098221700000000300e+00	-1.955844400000000149e+01
3.097143700000000166e+00	-1.955844400000000149e+01
3.095950900000000061e+00	-1.958105499999999921e+01
3.094768100000000022e+00	-1.955844400000000149e+01
3.093699400000000210e+00	-1.954713699999999932e+01
3.092633100000000024e+00	-1.960366399999999842e+01
3.091523899999999880e+00	-1.956974800000000059e+01
3.090423200000000037e+00	-1.958105499999999921e+01
3.089339100000000116e+00	-1.956974800000000059e+01
3.088206500000000077e+00	-1.959235999999999933e+01
3.086930100000000010e+00	-1.960366399999999842e+01
3.085622400000000098e+00	-1.959235999999999933e+01
3.084536299999999898e+00	-1.954713699999999932e+01
3.083614300000000252e+00	-1.959235999999999933e+01
3.082596100000000394e+00	-1.953583300000000023e+01
3.081464900000000284e+00	-1.959235999999999933e+01
3.080383499999999941e+00	-1.956974800000000059e+01
3.079359399999999969e+00	-1.954713699999999932e+01
3.078240799999999666e+00	-1.952452599999999805e+01
3.076997500000000052e+00	-1.960366399999999842e+01
3.075747600000000137e+00	-1.961497100000000060e+01
3.074555000000000149e+00	-1.959235999999999933e+01
3.073425000000000296e+00	-1.962627599999999717e+01
3.072354999999999947e+00	-1.961497100000000060e+01
3.071275800000000000e+00	-1.955844400000000149e+01
3.070101200000000308e+00	-1.955844400000000149e+01
3.068868399999999941e+00	-1.955844400000000149e+01
3.067696999999999896e+00	-1.961497100000000060e+01
3.066608100000000281e+00	-1.966019200000000211e+01
3.065480099999999819e+00	-1.962627599999999717e+01
3.064258000000000148e+00	-1.958105499999999921e+01
3.063089300000000126e+00	-1.958105499999999921e+01
3.062067700000000059e+00	-1.960366399999999842e+01
3.061064500000000077e+00	-1.960366399999999842e+01
3.059985800000000200e+00	-1.955844400000000149e+01
3.058876900000000010e+00	-1.955844400000000149e+01
3.057752100000000084e+00	-1.954713699999999932e+01
3.056576600000000088e+00	-1.955844400000000149e+01
3.055375100000000010e+00	-1.958105499999999921e+01
3.054238699999999973e+00	-1.958105499999999921e+01
3.053213299999999908e+00	-1.956974800000000059e+01
3.052172399999999897e+00	-1.955844400000000149e+01
3.050949999999999829e+00	-1.954713699999999932e+01
3.049655999999999700e+00	-1.947930500000000009e+01
3.048521200000000153e+00	-1.951322099999999793e+01
3.047483900000000023e+00	-1.955844400000000149e+01
3.046336600000000061e+00	-1.958105499999999921e+01
3.045084200000000241e+00	-1.959235999999999933e+01
3.043897599999999759e+00	-1.949061000000000021e+01
3.042841400000000363e+00	-1.949061000000000021e+01
3.041819600000000179e+00	-1.955844400000000149e+01
3.040749100000000205e+00	-1.952452599999999805e+01
3.039625399999999811e+00	-1.954713699999999932e+01
3.038490799999999936e+00	-1.955844400000000149e+01
3.037379199999999724e+00	-1.953583300000000023e+01
3.036253499999999939e+00	-1.954713699999999932e+01
3.035082699999999800e+00	-1.953583300000000023e+01
3.033962499999999896e+00	-1.951322099999999793e+01
3.032936799999999877e+00	-1.953583300000000023e+01
3.031842900000000007e+00	-1.953583300000000023e+01
3.030657799999999735e+00	-1.950191700000000239e+01
3.029566899999999841e+00	-1.950191700000000239e+01
3.028519100000000019e+00	-1.951322099999999793e+01
3.027328100000000077e+00	-1.947930500000000009e+01
3.026034400000000346e+00	-1.954713699999999932e+01
3.024810700000000185e+00	-1.950191700000000239e+01
3.023770199999999964e+00	-1.946799899999999894e+01
3.022842100000000087e+00	-1.944538900000000226e+01
3.021820700000000137e+00	-1.943408300000000111e+01
3.020641999999999605e+00	-1.950191700000000239e+01
3.019407600000000080e+00	-1.950191700000000239e+01
3.018158399999999908e+00	-1.950191700000000239e+01
3.016949199999999998e+00	-1.950191700000000239e+01
3.015931999999999835e+00	-1.952452599999999805e+01
3.015000899999999984e+00	-1.947930500000000009e+01
3.013843099999999886e+00	-1.954713699999999932e+01
3.012518800000000052e+00	-1.954713699999999932e+01
3.011339699999999731e+00	-1.946799899999999894e+01
3.010326999999999753e+00	-1.947930500000000009e+01
3.009252399999999827e+00	-1.952452599999999805e+01
3.007977499999999971e+00	-1.949061000000000021e+01
3.006662200000000063e+00	-1.949061000000000021e+01
3.005566700000000147e+00	-1.950191700000000239e+01
3.004590299999999825e+00	-1.954713699999999932e+01
3.003459799999999902e+00	-1.952452599999999805e+01
3.002206500000000222e+00	-1.950191700000000239e+01
3.000977100000000064e+00	-1.947930500000000009e+01
2.999772300000000058e+00	-1.945669399999999882e+01
2.998555800000000104e+00	-1.947930500000000009e+01
2.997343900000000172e+00	-1.953583300000000023e+01
2.996186599999999700e+00	-1.952452599999999805e+01
2.995126799999999978e+00	-1.952452599999999805e+01
2.994146100000000033e+00	-1.952452599999999805e+01
2.993138899999999936e+00	-1.955844400000000149e+01
2.992006100000000224e+00	-1.947930500000000009e+01
2.990791000000000199e+00	-1.949061000000000021e+01
2.989587299999999725e+00	-1.955844400000000149e+01
2.988374499999999934e+00	-1.956974800000000059e+01
2.987164900000000234e+00	-1.951322099999999793e+01
2.986083900000000124e+00	-1.945669399999999882e+01
2.985078499999999746e+00	-1.945669399999999882e+01
2.983946599999999894e+00	-1.949061000000000021e+01
2.982723100000000294e+00	-1.950191700000000239e+01
2.981597199999999948e+00	-1.951322099999999793e+01
2.980516900000000025e+00	-1.950191700000000239e+01
2.979368700000000203e+00	-1.953583300000000023e+01
2.978286600000000117e+00	-1.950191700000000239e+01
2.977290899999999851e+00	-1.956974800000000059e+01
2.976151800000000236e+00	-1.950191700000000239e+01
2.974838500000000163e+00	-1.954713699999999932e+01
2.973608800000000052e+00	-1.949061000000000021e+01
2.972643399999999936e+00	-1.954713699999999932e+01
2.971725300000000125e+00	-1.954713699999999932e+01
2.970554299999999870e+00	-1.953583300000000023e+01
2.969228300000000154e+00	-1.954713699999999932e+01
2.967976100000000006e+00	-1.955844400000000149e+01
2.966858999999999913e+00	-1.949061000000000021e+01
2.965843800000000030e+00	-1.952452599999999805e+01
2.964779899999999913e+00	-1.952452599999999805e+01
2.963562600000000380e+00	-1.953583300000000023e+01
2.962327199999999827e+00	-1.958105499999999921e+01
2.961202399999999901e+00	-1.953583300000000023e+01
2.960104199999999963e+00	-1.954713699999999932e+01
2.958926899999999804e+00	-1.955844400000000149e+01
2.957716099999999848e+00	-1.955844400000000149e+01
2.956571999999999978e+00	-1.952452599999999805e+01
2.955435299999999987e+00	-1.951322099999999793e+01
2.954187699999999861e+00	-1.949061000000000021e+01
2.952965100000000120e+00	-1.952452599999999805e+01
2.951918499999999668e+00	-1.953583300000000023e+01
2.950888299999999909e+00	-1.954713699999999932e+01
2.949726899999999929e+00	-1.951322099999999793e+01
2.948506099999999908e+00	-1.953583300000000023e+01
2.947299900000000417e+00	-1.949061000000000021e+01
2.946132600000000323e+00	-1.951322099999999793e+01
2.945051600000000214e+00	-1.954713699999999932e+01
2.944017799999999685e+00	-1.955844400000000149e+01
2.942905700000000291e+00	-1.951322099999999793e+01
2.941734900000000152e+00	-1.946799899999999894e+01
2.940632799999999936e+00	-1.951322099999999793e+01
2.939626500000000142e+00	-1.951322099999999793e+01
2.938628800000000041e+00	-1.949061000000000021e+01
2.937516000000000016e+00	-1.950191700000000239e+01
2.936222499999999958e+00	-1.956974800000000059e+01
2.934848899999999983e+00	-1.956974800000000059e+01
2.933576500000000031e+00	-1.953583300000000023e+01
2.932457400000000103e+00	-1.949061000000000021e+01
2.931397399999999820e+00	-1.952452599999999805e+01
2.930289199999999816e+00	-1.953583300000000023e+01
2.929135699999999787e+00	-1.952452599999999805e+01
2.928004099999999887e+00	-1.961497100000000060e+01
2.926836499999999841e+00	-1.962627599999999717e+01
2.925576200000000071e+00	-1.961497100000000060e+01
2.924382900000000340e+00	-1.962627599999999717e+01
2.923375200000000174e+00	-1.958105499999999921e+01
2.922406099999999896e+00	-1.958105499999999921e+01
2.921297199999999705e+00	-1.956974800000000059e+01
2.920071399999999873e+00	-1.952452599999999805e+01
2.918849999999999945e+00	-1.958105499999999921e+01
2.917604899999999724e+00	-1.958105499999999921e+01
2.916329300000000124e+00	-1.958105499999999921e+01
2.915238599999999902e+00	-1.955844400000000149e+01
2.914330300000000040e+00	-1.955844400000000149e+01
2.913295700000000377e+00	-1.953583300000000023e+01
2.912085199999999929e+00	-1.952452599999999805e+01
2.910868900000000092e+00	-1.958105499999999921e+01
2.909687700000000099e+00	-1.955844400000000149e+01
2.908559499999999964e+00	-1.958105499999999921e+01
2.907471099999999975e+00	-1.960366399999999842e+01
2.906339000000000006e+00	-1.956974800000000059e+01
2.905159400000000058e+00	-1.958105499999999921e+01
2.903931500000000110e+00	-1.962627599999999717e+01
2.902671000000000223e+00	-1.964888699999999844e+01
2.901491800000000065e+00	-1.952452599999999805e+01
2.900421999999999834e+00	-1.954713699999999932e+01
2.899355599999999811e+00	-1.958105499999999921e+01
2.898217599999999727e+00	-1.955844400000000149e+01
2.897031700000000320e+00	-1.962627599999999717e+01
2.895833200000000218e+00	-1.962627599999999717e+01
2.894631500000000024e+00	-1.958105499999999921e+01
2.893446700000000149e+00	-1.958105499999999921e+01
2.892292299999999816e+00	-1.961497100000000060e+01
2.891151799999999827e+00	-1.962627599999999717e+01
2.889972399999999997e+00	-1.959235999999999933e+01
2.888740699999999606e+00	-1.960366399999999842e+01
2.887516100000000030e+00	-1.963758199999999832e+01
2.886348299999999867e+00	-1.961497100000000060e+01
2.885236200000000029e+00	-1.964888699999999844e+01
2.884115500000000054e+00	-1.964888699999999844e+01
2.882900600000000146e+00	-1.963758199999999832e+01
2.881614399999999687e+00	-1.962627599999999717e+01
2.880375200000000024e+00	-1.963758199999999832e+01
2.879230600000000084e+00	-1.967149799999999971e+01
2.878147400000000022e+00	-1.963758199999999832e+01
2.877095999999999876e+00	-1.960366399999999842e+01
2.876023200000000113e+00	-1.954713699999999932e+01
2.874865900000000085e+00	-1.955844400000000149e+01
2.873621299999999934e+00	-1.954713699999999932e+01
2.872346199999999961e+00	-1.953583300000000023e+01
2.871126100000000125e+00	-1.958105499999999921e+01
2.870010100000000008e+00	-1.959235999999999933e+01
2.868935600000000363e+00	-1.960366399999999842e+01
2.867803199999999997e+00	-1.966019200000000211e+01
2.866612200000000055e+00	-1.964888699999999844e+01
2.865469899999999903e+00	-1.963758199999999832e+01
2.864433099999999843e+00	-1.959235999999999933e+01
2.863349399999999711e+00	-1.960366399999999842e+01
2.862091600000000291e+00	-1.961497100000000060e+01
2.860820099999999755e+00	-1.959235999999999933e+01
2.859674899999999909e+00	-1.961497100000000060e+01
2.858595699999999962e+00	-1.962627599999999717e+01
2.857522799999999918e+00	-1.956974800000000059e+01
2.856383199999999789e+00	-1.956974800000000059e+01
2.855142199999999963e+00	-1.956974800000000059e+01
2.853887499999999910e+00	-1.960366399999999842e+01
2.852665400000000240e+00	-1.959235999999999933e+01
2.851483299999999943e+00	-1.955844400000000149e+01
2.850402099999999717e+00	-1.955844400000000149e+01
2.849368899999999982e+00	-1.962627599999999717e+01
2.848231100000000016e+00	-1.960366399999999842e+01
2.847012199999999993e+00	-1.958105499999999921e+01
2.845836199999999927e+00	-1.961497100000000060e+01
2.844746199999999892e+00	-1.960366399999999842e+01
2.843714799999999876e+00	-1.958105499999999921e+01
2.842617100000000008e+00	-1.959235999999999933e+01
2.841347899999999704e+00	-1.960366399999999842e+01
2.840016799999999897e+00	-1.960366399999999842e+01
2.838871799999999723e+00	-1.963758199999999832e+01
2.837946300000000033e+00	-1.964888699999999844e+01
2.836921300000000201e+00	-1.961497100000000060e+01
2.835639400000000254e+00	-1.960366399999999842e+01
2.834397899999999915e+00	-1.962627599999999717e+01
2.833371999999999780e+00	-1.958105499999999921e+01
2.832345000000000113e+00	-1.963758199999999832e+01
2.831205199999999866e+00	-1.967149799999999971e+01
2.830081499999999917e+00	-1.962627599999999717e+01
2.828993699999999833e+00	-1.956974800000000059e+01
2.827841400000000061e+00	-1.956974800000000059e+01
2.826567200000000391e+00	-1.960366399999999842e+01
2.825185900000000139e+00	-1.962627599999999717e+01
2.823869600000000091e+00	-1.961497100000000060e+01
2.822768900000000247e+00	-1.967149799999999971e+01
2.821743000000000112e+00	-1.963758199999999832e+01
2.820607700000000051e+00	-1.962627599999999717e+01
2.819393799999999839e+00	-1.971671900000000122e+01
2.818214600000000125e+00	-1.964888699999999844e+01
2.817077999999999971e+00	-1.961497100000000060e+01
2.815906599999999926e+00	-1.962627599999999717e+01
2.814727800000000002e+00	-1.966019200000000211e+01
2.813641700000000245e+00	-1.967149799999999971e+01
2.812570999999999710e+00	-1.969410900000000098e+01
2.811374100000000098e+00	-1.969410900000000098e+01
2.810159499999999699e+00	-1.969410900000000098e+01
2.809049899999999766e+00	-1.973933000000000249e+01
2.807901600000000109e+00	-1.973933000000000249e+01
2.806627900000000064e+00	-1.971671900000000122e+01
2.805370099999999756e+00	-1.967149799999999971e+01
2.804224099999999886e+00	-1.970541400000000110e+01
2.803147499999999681e+00	-1.969410900000000098e+01
2.802027900000000127e+00	-1.975063700000000111e+01
2.800777599999999978e+00	-1.973933000000000249e+01
2.799502500000000005e+00	-1.975063700000000111e+01
2.798386499999999888e+00	-1.973933000000000249e+01
2.797374200000000144e+00	-1.973933000000000249e+01
2.796288300000000060e+00	-1.977324600000000032e+01
2.795107299999999739e+00	-1.977324600000000032e+01
2.793861299999999659e+00	-1.972802500000000236e+01
2.792589399999999777e+00	-1.977324600000000032e+01
2.791420899999999872e+00	-1.972802500000000236e+01
2.790343800000000041e+00	-1.971671900000000122e+01
2.789147899999999680e+00	-1.970541400000000110e+01
2.787795000000000023e+00	-1.967149799999999971e+01
2.786507999999999985e+00	-1.969410900000000098e+01
2.785394799999999726e+00	-1.970541400000000110e+01
2.784316200000000130e+00	-1.972802500000000236e+01
2.783182699999999787e+00	-1.970541400000000110e+01
2.782030800000000248e+00	-1.971671900000000122e+01
2.780867800000000223e+00	-1.970541400000000110e+01
2.779719600000000401e+00	-1.972802500000000236e+01
2.778609799999999908e+00	-1.977324600000000032e+01
2.777451300000000067e+00	-1.975063700000000111e+01
2.776178500000000327e+00	-1.971671900000000122e+01
2.774924700000000133e+00	-1.973933000000000249e+01
2.773830600000000146e+00	-1.972802500000000236e+01
2.772752200000000222e+00	-1.975063700000000111e+01
2.771534599999999848e+00	-1.976194100000000020e+01
2.770346300000000372e+00	-1.972802500000000236e+01
2.769286300000000089e+00	-1.976194100000000020e+01
2.768151700000000215e+00	-1.973933000000000249e+01
2.766884800000000144e+00	-1.972802500000000236e+01
2.765636999999999901e+00	-1.973933000000000249e+01
2.764443699999999726e+00	-1.979585700000000159e+01
2.763279600000000169e+00	-1.978455300000000250e+01
2.762159099999999867e+00	-1.982977299999999943e+01
2.761058599999999696e+00	-1.976194100000000020e+01
2.759923699999999869e+00	-1.975063700000000111e+01
2.758693000000000062e+00	-1.980716400000000021e+01
2.757388300000000125e+00	-1.977324600000000032e+01
2.756129599999999957e+00	-1.976194100000000020e+01
2.754947000000000035e+00	-1.977324600000000032e+01
2.753823999999999828e+00	-1.978455300000000250e+01
2.752758100000000319e+00	-1.978455300000000250e+01
2.751643899999999920e+00	-1.977324600000000032e+01
2.750403400000000165e+00	-1.978455300000000250e+01
2.749138700000000046e+00	-1.981846900000000034e+01
2.747969799999999907e+00	-1.979585700000000159e+01
2.746821100000000015e+00	-1.981846900000000034e+01
2.745576199999999911e+00	-1.986369099999999932e+01
2.744325200000000020e+00	-1.986369099999999932e+01
2.743161100000000019e+00	-1.984108000000000160e+01
2.742014699999999916e+00	-1.982977299999999943e+01
2.740889600000000037e+00	-1.985238500000000172e+01
2.739837800000000101e+00	-1.981846900000000034e+01
2.738754099999999969e+00	-1.980716400000000021e+01
2.737538100000000085e+00	-1.981846900000000034e+01
2.736260700000000323e+00	-1.981846900000000034e+01
2.735048600000000274e+00	-1.978455300000000250e+01
2.733902000000000054e+00	-1.980716400000000021e+01
2.732706400000000091e+00	-1.981846900000000034e+01
2.731446800000000064e+00	-1.985238500000000172e+01
2.730239000000000082e+00	-1.982977299999999943e+01
2.729129400000000150e+00	-1.984108000000000160e+01
2.728073500000000262e+00	-1.984108000000000160e+01
2.727022999999999975e+00	-1.981846900000000034e+01
2.725912099999999949e+00	-1.982977299999999943e+01
2.724708599999999592e+00	-1.984108000000000160e+01
2.723468699999999743e+00	-1.985238500000000172e+01
2.722270200000000084e+00	-1.982977299999999943e+01
2.721097599999999783e+00	-1.986369099999999932e+01
2.719863900000000001e+00	-1.986369099999999932e+01
2.718628799999999845e+00	-1.980716400000000021e+01
2.717548999999999992e+00	-1.982977299999999943e+01
2.716590000000000060e+00	-1.985238500000000172e+01
2.715550599999999815e+00	-1.982977299999999943e+01
2.714323700000000006e+00	-1.985238500000000172e+01
2.713035400000000319e+00	-1.992021799999999843e+01
2.711830799999999986e+00	-1.992021799999999843e+01
2.710643699999999878e+00	-1.989760700000000071e+01
2.709383100000000155e+00	-1.984108000000000160e+01
2.708131700000000031e+00	-1.985238500000000172e+01
2.706991600000000275e+00	-1.985238500000000172e+01
2.705897699999999961e+00	-1.984108000000000160e+01
2.704750599999999672e+00	-1.993152299999999855e+01
2.703523000000000120e+00	-1.990891200000000083e+01
2.702202000000000215e+00	-1.988630200000000059e+01
2.700923699999999705e+00	-1.986369099999999932e+01
2.699836200000000019e+00	-1.987499599999999944e+01
2.698784599999999756e+00	-1.986369099999999932e+01
2.697636300000000098e+00	-1.981846900000000034e+01
2.696497600000000272e+00	-1.985238500000000172e+01
2.695387600000000106e+00	-1.987499599999999944e+01
2.694221199999999872e+00	-1.988630200000000059e+01
2.692984000000000044e+00	-1.987499599999999944e+01
2.691726399999999852e+00	-1.987499599999999944e+01
2.690531100000000286e+00	-1.986369099999999932e+01
2.689361299999999844e+00	-1.989760700000000071e+01
2.688084100000000198e+00	-1.990891200000000083e+01
2.686764199999999825e+00	-1.989760700000000071e+01
2.685585699999999854e+00	-1.988630200000000059e+01
2.684506600000000187e+00	-1.989760700000000071e+01
2.683351299999999995e+00	-1.993152299999999855e+01
2.682099000000000011e+00	-1.985238500000000172e+01
2.680837700000000101e+00	-1.982977299999999943e+01
2.679647899999999971e+00	-1.986369099999999932e+01
2.678541500000000131e+00	-1.989760700000000071e+01
2.677373900000000084e+00	-1.989760700000000071e+01
2.676073600000000052e+00	-1.987499599999999944e+01
2.674829099999999737e+00	-1.988630200000000059e+01
2.673754399999999976e+00	-1.989760700000000071e+01
2.672688899999999812e+00	-1.994283000000000072e+01
2.671523399999999882e+00	-1.986369099999999932e+01
2.670338300000000054e+00	-1.984108000000000160e+01
2.669140500000000138e+00	-1.987499599999999944e+01
2.667901300000000031e+00	-1.990891200000000083e+01
2.666751200000000210e+00	-1.990891200000000083e+01
2.665727200000000074e+00	-1.987499599999999944e+01
2.664601199999999892e+00	-1.994283000000000072e+01
2.663270400000000038e+00	-1.989760700000000071e+01
2.661990300000000254e+00	-1.989760700000000071e+01
2.660928900000000041e+00	-1.992021799999999843e+01
2.659867699999999946e+00	-1.988630200000000059e+01
2.658644499999999855e+00	-1.989760700000000071e+01
2.657418900000000139e+00	-1.992021799999999843e+01
2.656315699999999946e+00	-1.985238500000000172e+01
2.655247499999999761e+00	-1.987499599999999944e+01
2.654102000000000405e+00	-1.985238500000000172e+01
2.652828700000000151e+00	-1.987499599999999944e+01
2.651478100000000282e+00	-1.982977299999999943e+01
2.650182999999999733e+00	-1.986369099999999932e+01
2.649001099999999997e+00	-1.986369099999999932e+01
2.647860399999999892e+00	-1.989760700000000071e+01
2.646617099999999834e+00	-1.996543899999999994e+01
2.645259400000000038e+00	-1.996543899999999994e+01
2.643994300000000131e+00	-1.994283000000000072e+01
2.642878400000000294e+00	-1.993152299999999855e+01
2.641780600000000145e+00	-1.993152299999999855e+01
2.640728100000000023e+00	-1.993152299999999855e+01
2.639736699999999825e+00	-1.994283000000000072e+01
2.638640399999999886e+00	-1.993152299999999855e+01
2.637392800000000204e+00	-1.993152299999999855e+01
2.636164500000000022e+00	-1.995413399999999982e+01
2.635079199999999844e+00	-1.990891200000000083e+01
2.634061299999999939e+00	-1.999935699999999983e+01
2.632963100000000001e+00	-1.998805000000000121e+01
2.631702700000000394e+00	-1.998805000000000121e+01
2.630335099999999926e+00	-2.001066199999999995e+01
2.629061099999999929e+00	-1.997674599999999856e+01
2.627921300000000127e+00	-1.994283000000000072e+01
2.626655700000000149e+00	-2.003327299999999767e+01
2.625200099999999814e+00	-2.007849400000000273e+01
2.623863599999999963e+00	-2.005588399999999893e+01
2.622816999999999954e+00	-2.001066199999999995e+01
2.621891999999999889e+00	-1.999935699999999983e+01
2.620862500000000317e+00	-1.999935699999999983e+01
2.619668499999999955e+00	-2.008980000000000032e+01
2.618383000000000127e+00	-1.998805000000000121e+01
2.617079200000000050e+00	-1.996543899999999994e+01
2.615815399999999791e+00	-1.998805000000000121e+01
2.614621699999999827e+00	-2.004457800000000134e+01
2.613494200000000323e+00	-2.002196600000000259e+01
2.612464600000000026e+00	-2.004457800000000134e+01
2.611477400000000060e+00	-2.005588399999999893e+01
2.610355499999999829e+00	-2.003327299999999767e+01
2.609047700000000081e+00	-2.004457800000000134e+01
2.607683399999999985e+00	-2.003327299999999767e+01
2.606403100000000084e+00	-2.002196600000000259e+01
2.605239599999999989e+00	-2.004457800000000134e+01
2.604138400000000075e+00	-1.999935699999999983e+01
2.603041399999999950e+00	-2.001066199999999995e+01
2.601891299999999685e+00	-2.001066199999999995e+01
2.600632800000000078e+00	-1.999935699999999983e+01
2.599300800000000411e+00	-2.003327299999999767e+01
2.598031199999999874e+00	-2.002196600000000259e+01
2.596882499999999983e+00	-2.007849400000000273e+01
2.595754299999999848e+00	-2.003327299999999767e+01
2.594558699999999885e+00	-1.999935699999999983e+01
2.593346200000000046e+00	-2.001066199999999995e+01
2.592174700000000165e+00	-2.002196600000000259e+01
2.590972600000000181e+00	-1.997674599999999856e+01
2.589706399999999853e+00	-1.999935699999999983e+01
2.588495099999999827e+00	-2.001066199999999995e+01
2.587358300000000000e+00	-1.999935699999999983e+01
2.586169799999999963e+00	-1.994283000000000072e+01
2.584904900000000172e+00	-1.995413399999999982e+01
2.583639600000000147e+00	-1.998805000000000121e+01
2.582438999999999929e+00	-2.002196600000000259e+01
2.581329199999999879e+00	-2.004457800000000134e+01
2.580232099999999917e+00	-2.003327299999999767e+01
2.579024999999999679e+00	-2.005588399999999893e+01
2.577757000000000076e+00	-2.003327299999999767e+01
2.576585800000000148e+00	-2.006718900000000261e+01
2.575450700000000204e+00	-2.005588399999999893e+01
2.574206999999999912e+00	-2.013502100000000183e+01
2.572953699999999788e+00	-2.010110500000000044e+01
2.571840200000000021e+00	-2.002196600000000259e+01
2.570802500000000101e+00	-2.005588399999999893e+01
2.569671099999999875e+00	-2.005588399999999893e+01
2.568392100000000067e+00	-2.004457800000000134e+01
2.567070600000000091e+00	-1.996543899999999994e+01
2.565834199999999843e+00	-2.004457800000000134e+01
2.564656800000000292e+00	-2.011241100000000159e+01
2.563442199999999893e+00	-2.012371600000000171e+01
2.562243500000000118e+00	-2.007849400000000273e+01
2.561118199999999678e+00	-2.010110500000000044e+01
2.559986799999999896e+00	-2.011241100000000159e+01
2.558785100000000146e+00	-2.005588399999999893e+01
2.557499799999999990e+00	-2.008980000000000032e+01
2.556163999999999881e+00	-2.010110500000000044e+01
2.554916799999999988e+00	-2.008980000000000032e+01
2.553861799999999960e+00	-2.007849400000000273e+01
2.552882500000000388e+00	-2.006718900000000261e+01
2.551745900000000233e+00	-2.006718900000000261e+01
2.550406899999999588e+00	-2.006718900000000261e+01
2.549077000000000037e+00	-2.010110500000000044e+01
2.547903500000000321e+00	-2.008980000000000032e+01
2.546777099999999905e+00	-2.005588399999999893e+01
2.545547400000000238e+00	-2.005588399999999893e+01
2.544286199999999720e+00	-2.007849400000000273e+01
2.543171399999999860e+00	-2.006718900000000261e+01
2.542111600000000138e+00	-2.003327299999999767e+01
2.540880800000000050e+00	-2.003327299999999767e+01
2.539568599999999954e+00	-2.002196600000000259e+01
2.538388100000000147e+00	-2.002196600000000259e+01
2.537281000000000120e+00	-2.004457800000000134e+01
2.536079799999999995e+00	-2.004457800000000134e+01
2.534796300000000002e+00	-2.003327299999999767e+01
2.533566200000000102e+00	-2.004457800000000134e+01
2.532419799999999999e+00	-2.005588399999999893e+01
2.531258100000000066e+00	-2.007849400000000273e+01
2.530074400000000168e+00	-2.003327299999999767e+01
2.528936599999999757e+00	-2.007849400000000273e+01
2.527784800000000054e+00	-2.005588399999999893e+01
2.526537599999999717e+00	-2.006718900000000261e+01
2.525271199999999716e+00	-2.012371600000000171e+01
2.524109000000000158e+00	-2.010110500000000044e+01
2.522995799999999900e+00	-2.005588399999999893e+01
2.521826400000000135e+00	-2.005588399999999893e+01
2.520703700000000325e+00	-2.005588399999999893e+01
2.519638000000000044e+00	-2.006718900000000261e+01
2.518390800000000151e+00	-2.013502100000000183e+01
2.516991100000000259e+00	-2.018024300000000082e+01
2.515736500000000042e+00	-2.018024300000000082e+01
2.514629599999999687e+00	-2.015763199999999955e+01
2.513477500000000031e+00	-2.012371600000000171e+01
2.512266299999999841e+00	-2.008980000000000032e+01
2.511037100000000244e+00	-2.011241100000000159e+01
2.509806999999999899e+00	-2.011241100000000159e+01
2.508638499999999993e+00	-2.012371600000000171e+01
2.507489199999999752e+00	-2.014632699999999943e+01
2.506262299999999943e+00	-2.015763199999999955e+01
2.504993300000000200e+00	-2.015763199999999955e+01
2.503753200000000234e+00	-2.015763199999999955e+01
2.502578800000000214e+00	-2.012371600000000171e+01
2.501432400000000111e+00	-2.016893900000000173e+01
2.500226200000000176e+00	-2.015763199999999955e+01
2.499006300000000014e+00	-2.014632699999999943e+01
2.497821899999999928e+00	-2.022546600000000083e+01
2.496617300000000039e+00	-2.018024300000000082e+01
2.495395799999999831e+00	-2.010110500000000044e+01
2.494135099999999827e+00	-2.008980000000000032e+01
2.492847200000000374e+00	-2.013502100000000183e+01
2.491650100000000201e+00	-2.006718900000000261e+01
2.490476600000000040e+00	-2.012371600000000171e+01
2.489211099999999899e+00	-2.013502100000000183e+01
2.487944799999999734e+00	-2.007849400000000273e+01
2.486778200000000272e+00	-2.008980000000000032e+01
2.485667899999999708e+00	-2.011241100000000159e+01
2.484476699999999649e+00	-2.018024300000000082e+01
2.483171999999999713e+00	-2.018024300000000082e+01
2.481886700000000001e+00	-2.015763199999999955e+01
2.480630000000000113e+00	-2.019154999999999944e+01
2.479342999999999630e+00	-2.015763199999999955e+01
2.478161399999999848e+00	-2.019154999999999944e+01
2.477108000000000310e+00	-2.021415899999999866e+01
2.475958400000000115e+00	-2.020285499999999956e+01
2.474675100000000239e+00	-2.020285499999999956e+01
2.473411800000000049e+00	-2.022546600000000083e+01
2.472212100000000135e+00	-2.019154999999999944e+01
2.471082099999999837e+00	-2.015763199999999955e+01
2.470014600000000282e+00	-2.015763199999999955e+01
2.468877900000000292e+00	-2.022546600000000083e+01
2.467616500000000102e+00	-2.018024300000000082e+01
2.466332299999999922e+00	-2.016893900000000173e+01
2.465071700000000199e+00	-2.020285499999999956e+01
2.463828899999999766e+00	-2.023676999999999992e+01
2.462609699999999791e+00	-2.023676999999999992e+01
2.461382299999999912e+00	-2.024807699999999855e+01
2.460140200000000110e+00	-2.023676999999999992e+01
2.458944900000000100e+00	-2.025938199999999867e+01
2.457817100000000199e+00	-2.023676999999999992e+01
2.456682299999999763e+00	-2.025938199999999867e+01
2.455464699999999834e+00	-2.024807699999999855e+01
2.454200099999999996e+00	-2.028199299999999994e+01
2.453025400000000023e+00	-2.028199299999999994e+01
2.451957699999999907e+00	-2.022546600000000083e+01
2.450816300000000059e+00	-2.023676999999999992e+01
2.449547499999999989e+00	-2.025938199999999867e+01
2.448309699999999811e+00	-2.023676999999999992e+01
2.447103999999999946e+00	-2.024807699999999855e+01
2.445756299999999772e+00	-2.022546600000000083e+01
2.444321599999999872e+00	-2.018024300000000082e+01
2.443089699999999809e+00	-2.023676999999999992e+01
2.442134699999999992e+00	-2.030460399999999765e+01
2.441173400000000271e+00	-2.025938199999999867e+01
2.439931199999999745e+00	-2.023676999999999992e+01
2.438524899999999995e+00	-2.025938199999999867e+01
2.437272299999999614e+00	-2.025938199999999867e+01
2.436141399999999901e+00	-2.031590899999999777e+01
2.434880299999999664e+00	-2.029329800000000006e+01
2.433537700000000026e+00	-2.028199299999999994e+01
2.432317599999999747e+00	-2.027068599999999776e+01
2.431227999999999945e+00	-2.028199299999999994e+01
2.430145700000000186e+00	-2.029329800000000006e+01
2.429012699999999914e+00	-2.031590899999999777e+01
2.427817399999999903e+00	-2.033851999999999904e+01
2.426514099999999896e+00	-2.032721399999999790e+01
2.425196299999999638e+00	-2.030460399999999765e+01
2.424058000000000046e+00	-2.031590899999999777e+01
2.423005300000000251e+00	-2.032721399999999790e+01
2.421787700000000321e+00	-2.030460399999999765e+01
2.420449199999999745e+00	-2.030460399999999765e+01
2.419205400000000061e+00	-2.027068599999999776e+01
2.418081499999999995e+00	-2.033851999999999904e+01
2.416962400000000066e+00	-2.034982499999999916e+01
2.415813500000000058e+00	-2.037243600000000043e+01
2.414605700000000077e+00	-2.031590899999999777e+01
2.413265099999999830e+00	-2.028199299999999994e+01
2.411898499999999945e+00	-2.034982499999999916e+01
2.410701699999999725e+00	-2.036113100000000031e+01
2.409646200000000071e+00	-2.030460399999999765e+01
2.408555899999999639e+00	-2.029329800000000006e+01
2.407337700000000247e+00	-2.031590899999999777e+01
2.406059099999999784e+00	-2.033851999999999904e+01
2.404817700000000169e+00	-2.036113100000000031e+01
2.403589000000000198e+00	-2.031590899999999777e+01
2.402353900000000042e+00	-2.030460399999999765e+01
2.401199899999999943e+00	-2.033851999999999904e+01
2.400076300000000273e+00	-2.038374100000000055e+01
2.398795200000000349e+00	-2.030460399999999765e+01
2.397436699999999643e+00	-2.028199299999999994e+01
2.396241799999999866e+00	-2.031590899999999777e+01
2.395174499999999984e+00	-2.036113100000000031e+01
2.394056500000000032e+00	-2.039504700000000170e+01
2.392853300000000072e+00	-2.037243600000000043e+01
2.391604100000000344e+00	-2.034982499999999916e+01
2.390325599999999717e+00	-2.032721399999999790e+01
2.388997700000000002e+00	-2.033851999999999904e+01
2.387612799999999869e+00	-2.038374100000000055e+01
2.386277399999999993e+00	-2.032721399999999790e+01
2.385112599999999805e+00	-2.033851999999999904e+01
2.384060700000000033e+00	-2.033851999999999904e+01
2.382962999999999720e+00	-2.034982499999999916e+01
2.381727699999999892e+00	-2.031590899999999777e+01
2.380409300000000172e+00	-2.033851999999999904e+01
2.379167699999999996e+00	-2.034982499999999916e+01
2.378032600000000052e+00	-2.033851999999999904e+01
2.376877499999999976e+00	-2.036113100000000031e+01
2.375642000000000031e+00	-2.033851999999999904e+01
2.374378500000000169e+00	-2.038374100000000055e+01
2.373194499999999874e+00	-2.033851999999999904e+01
2.372117300000000206e+00	-2.038374100000000055e+01
2.371006999999999643e+00	-2.037243600000000043e+01
2.369778500000000232e+00	-2.034982499999999916e+01
2.368473800000000296e+00	-2.031590899999999777e+01
2.367110700000000012e+00	-2.031590899999999777e+01
2.365767599999999860e+00	-2.033851999999999904e+01
2.364567799999999664e+00	-2.033851999999999904e+01
2.363441799999999926e+00	-2.033851999999999904e+01
2.362238300000000013e+00	-2.032721399999999790e+01
2.361001400000000139e+00	-2.036113100000000031e+01
2.359828199999999931e+00	-2.041765899999999689e+01
2.358648100000000358e+00	-2.039504700000000170e+01
2.357402499999999623e+00	-2.033851999999999904e+01
2.356191499999999994e+00	-2.031590899999999777e+01
2.355069700000000044e+00	-2.034982499999999916e+01
2.353912400000000016e+00	-2.031590899999999777e+01
2.352613999999999983e+00	-2.037243600000000043e+01
2.351283199999999685e+00	-2.034982499999999916e+01
2.350042699999999929e+00	-2.034982499999999916e+01
2.348804899999999751e+00	-2.039504700000000170e+01
2.347488799999999820e+00	-2.038374100000000055e+01
2.346217100000000055e+00	-2.034982499999999916e+01
2.345088900000000365e+00	-2.039504700000000170e+01
2.343989300000000053e+00	-2.038374100000000055e+01
2.342814200000000291e+00	-2.037243600000000043e+01
2.341613300000000120e+00	-2.034982499999999916e+01
2.340380399999999916e+00	-2.036113100000000031e+01
2.339083000000000023e+00	-2.037243600000000043e+01
2.337836799999999826e+00	-2.045157500000000184e+01
2.336752900000000022e+00	-2.040635200000000182e+01
2.335717000000000265e+00	-2.037243600000000043e+01
2.334518699999999836e+00	-2.033851999999999904e+01
2.333195700000000095e+00	-2.036113100000000031e+01
2.331945999999999852e+00	-2.044026799999999966e+01
2.330770300000000184e+00	-2.041765899999999689e+01
2.329562899999999992e+00	-2.044026799999999966e+01
2.328298000000000201e+00	-2.044026799999999966e+01
2.326997899999999841e+00	-2.041765899999999689e+01
2.325718000000000174e+00	-2.040635200000000182e+01
2.324493400000000154e+00	-2.046287900000000093e+01
2.323322400000000343e+00	-2.038374100000000055e+01
2.322184400000000259e+00	-2.039504700000000170e+01
2.321008700000000147e+00	-2.039504700000000170e+01
2.319746499999999934e+00	-2.038374100000000055e+01
2.318421100000000123e+00	-2.039504700000000170e+01
2.317124699999999926e+00	-2.036113100000000031e+01
2.315960000000000019e+00	-2.034982499999999916e+01
2.314871600000000029e+00	-2.039504700000000170e+01
2.313677699999999948e+00	-2.041765899999999689e+01
2.312316799999999617e+00	-2.040635200000000182e+01
2.310932399999999998e+00	-2.038374100000000055e+01
2.309693199999999891e+00	-2.037243600000000043e+01
2.308615199999999756e+00	-2.039504700000000170e+01
2.307580400000000420e+00	-2.048549099999999967e+01
2.306439199999999801e+00	-2.044026799999999966e+01
2.305154799999999948e+00	-2.049679700000000082e+01
2.303863499999999842e+00	-2.047418600000000311e+01
2.302688900000000150e+00	-2.048549099999999967e+01
2.301569300000000151e+00	-2.048549099999999967e+01
2.300353800000000337e+00	-2.048549099999999967e+01
2.299023899999999898e+00	-2.048549099999999967e+01
2.297732399999999675e+00	-2.045157500000000184e+01
2.296574200000000232e+00	-2.049679700000000082e+01
2.295419600000000226e+00	-2.044026799999999966e+01
2.294148100000000134e+00	-2.046287900000000093e+01
2.292842999999999964e+00	-2.045157500000000184e+01
2.291600400000000093e+00	-2.047418600000000311e+01
2.290452099999999991e+00	-2.049679700000000082e+01
2.289367799999999953e+00	-2.050810200000000094e+01
2.288202500000000139e+00	-2.049679700000000082e+01
2.286908500000000011e+00	-2.053071300000000221e+01
2.285597900000000404e+00	-2.053071300000000221e+01
2.284364199999999734e+00	-2.053071300000000221e+01
2.283210299999999915e+00	-2.051940700000000106e+01
2.282004999999999839e+00	-2.054201799999999878e+01
2.280615699999999801e+00	-2.054201799999999878e+01
2.279176900000000394e+00	-2.048549099999999967e+01
2.277971599999999874e+00	-2.049679700000000082e+01
2.276986400000000188e+00	-2.054201799999999878e+01
2.275886799999999877e+00	-2.059854499999999788e+01
2.274559399999999787e+00	-2.057593400000000017e+01
2.273192599999999786e+00	-2.062115599999999915e+01
2.271878899999999923e+00	-2.057593400000000017e+01
2.270655599999999996e+00	-2.060985200000000006e+01
2.269559000000000104e+00	-2.059854499999999788e+01
2.268446200000000079e+00	-2.059854499999999788e+01
2.267180699999999938e+00	-2.059854499999999788e+01
2.265808199999999939e+00	-2.058724000000000132e+01
2.264423799999999876e+00	-2.060985200000000006e+01
2.263143399999999694e+00	-2.062115599999999915e+01
2.262003999999999682e+00	-2.057593400000000017e+01
2.260844199999999748e+00	-2.057593400000000017e+01
2.259587499999999860e+00	-2.058724000000000132e+01
2.258318999999999743e+00	-2.051940700000000106e+01
2.257039100000000076e+00	-2.059854499999999788e+01
2.255823299999999865e+00	-2.059854499999999788e+01
2.254831499999999878e+00	-2.056462900000000005e+01
2.253898600000000307e+00	-2.058724000000000132e+01
2.252702900000000064e+00	-2.053071300000000221e+01
2.251281599999999994e+00	-2.060985200000000006e+01
2.249906900000000043e+00	-2.065507199999999699e+01
2.248677400000000048e+00	-2.065507199999999699e+01
2.247522599999999926e+00	-2.064376800000000145e+01
2.246384400000000170e+00	-2.062115599999999915e+01
2.245198600000000155e+00	-2.059854499999999788e+01
2.243921700000000019e+00	-2.066637899999999917e+01
2.242618600000000129e+00	-2.062115599999999915e+01
2.241331900000000044e+00	-2.063246099999999927e+01
2.240019500000000274e+00	-2.065507199999999699e+01
2.238685700000000001e+00	-2.063246099999999927e+01
2.237416500000000141e+00	-2.060985200000000006e+01
2.236270999999999898e+00	-2.059854499999999788e+01
2.235192400000000301e+00	-2.059854499999999788e+01
2.234048000000000034e+00	-2.057593400000000017e+01
2.232802700000000140e+00	-2.054201799999999878e+01
2.231587399999999999e+00	-2.058724000000000132e+01
2.230439599999999967e+00	-2.057593400000000017e+01
2.229214299999999760e+00	-2.057593400000000017e+01
2.227907300000000035e+00	-2.054201799999999878e+01
2.226708799999999933e+00	-2.057593400000000017e+01
2.225649999999999906e+00	-2.059854499999999788e+01
2.224570400000000170e+00	-2.054201799999999878e+01
2.223410299999999840e+00	-2.060985200000000006e+01
2.222191800000000050e+00	-2.067768399999999929e+01
2.220912199999999892e+00	-2.066637899999999917e+01
2.219641399999999987e+00	-2.063246099999999927e+01
2.218454899999999785e+00	-2.063246099999999927e+01
2.217300600000000177e+00	-2.063246099999999927e+01
2.216082300000000060e+00	-2.064376800000000145e+01
2.214784400000000097e+00	-2.064376800000000145e+01
2.213498599999999872e+00	-2.065507199999999699e+01
2.212283800000000245e+00	-2.062115599999999915e+01
2.211024600000000007e+00	-2.060985200000000006e+01
2.209653499999999937e+00	-2.066637899999999917e+01
2.208319099999999757e+00	-2.071159999999999712e+01
2.207088300000000114e+00	-2.072290599999999827e+01
2.205873200000000089e+00	-2.072290599999999827e+01
2.204701099999999858e+00	-2.072290599999999827e+01
2.203591499999999925e+00	-2.074551600000000207e+01
2.202369599999999927e+00	-2.076812699999999978e+01
2.200973299999999799e+00	-2.067768399999999929e+01
2.199619799999999792e+00	-2.073421099999999839e+01
2.198420399999999830e+00	-2.072290599999999827e+01
2.197206399999999782e+00	-2.076812699999999978e+01
2.195927699999999927e+00	-2.074551600000000207e+01
2.194720100000000063e+00	-2.075682199999999966e+01
2.193521599999999960e+00	-2.071159999999999712e+01
2.192229000000000205e+00	-2.071159999999999712e+01
2.190962500000000368e+00	-2.072290599999999827e+01
2.189761499999999916e+00	-2.072290599999999827e+01
2.188544599999999729e+00	-2.070029500000000056e+01
2.187368199999999874e+00	-2.071159999999999712e+01
2.186296999999999713e+00	-2.068898800000000193e+01
2.185210600000000003e+00	-2.072290599999999827e+01
2.184007800000000277e+00	-2.077943300000000093e+01
2.182763000000000009e+00	-2.077943300000000093e+01
2.181479400000000179e+00	-2.081334900000000232e+01
2.180107700000000204e+00	-2.085857200000000233e+01
2.178760500000000100e+00	-2.079073800000000105e+01
2.177520399999999690e+00	-2.077943300000000093e+01
2.176353699999999947e+00	-2.082465399999999889e+01
2.175227099999999858e+00	-2.081334900000000232e+01
2.174068399999999901e+00	-2.077943300000000093e+01
2.172806699999999758e+00	-2.080204499999999967e+01
2.171467700000000001e+00	-2.079073800000000105e+01
2.170148300000000141e+00	-2.082465399999999889e+01
2.168921999999999795e+00	-2.079073800000000105e+01
2.167735599999999874e+00	-2.077943300000000093e+01
2.166496200000000094e+00	-2.085857200000000233e+01
2.165234499999999951e+00	-2.083596100000000106e+01
2.164012599999999953e+00	-2.092640400000000156e+01
2.162816799999999873e+00	-2.090379199999999926e+01
2.161581500000000045e+00	-2.091509900000000144e+01
2.160254099999999955e+00	-2.091509900000000144e+01
2.158908999999999967e+00	-2.086987600000000143e+01
2.157676799999999950e+00	-2.091509900000000144e+01
2.156555599999999906e+00	-2.093770800000000065e+01
2.155451500000000298e+00	-2.096031999999999940e+01
2.154286400000000157e+00	-2.090379199999999926e+01
2.153005400000000069e+00	-2.091509900000000144e+01
2.151698000000000111e+00	-2.093770800000000065e+01
2.150534799999999969e+00	-2.088118100000000155e+01
2.149434499999999915e+00	-2.086987600000000143e+01
2.148207399999999989e+00	-2.086987600000000143e+01
2.146907899999999980e+00	-2.093770800000000065e+01
2.145653499999999880e+00	-2.090379199999999926e+01
2.144424799999999909e+00	-2.096031999999999940e+01
2.143157199999999651e+00	-2.100554199999999838e+01
2.141851799999999972e+00	-2.094901499999999928e+01
2.140588500000000227e+00	-2.091509900000000144e+01
2.139403300000000119e+00	-2.090379199999999926e+01
2.138246599999999997e+00	-2.089248800000000017e+01
2.137047699999999661e+00	-2.088118100000000155e+01
2.135745000000000005e+00	-2.093770800000000065e+01
2.134386699999999859e+00	-2.093770800000000065e+01
2.133149100000000242e+00	-2.092640400000000156e+01
2.132045200000000307e+00	-2.088118100000000155e+01
2.130838999999999928e+00	-2.082465399999999889e+01
2.129502700000000193e+00	-2.083596100000000106e+01
2.128278800000000359e+00	-2.086987600000000143e+01
2.127154200000000106e+00	-2.089248800000000017e+01
2.125887700000000269e+00	-2.085857200000000233e+01
2.124508899999999922e+00	-2.085857200000000233e+01
2.123255900000000196e+00	-2.085857200000000233e+01
2.122154899999999955e+00	-2.084726500000000016e+01
2.121026699999999821e+00	-2.089248800000000017e+01
2.119815500000000075e+00	-2.089248800000000017e+01
2.118609199999999859e+00	-2.090379199999999926e+01
2.117390499999999953e+00	-2.091509900000000144e+01
2.116074000000000233e+00	-2.088118100000000155e+01
2.114699100000000165e+00	-2.088118100000000155e+01
2.113358999999999988e+00	-2.085857200000000233e+01
2.112107700000000143e+00	-2.085857200000000233e+01
2.110991499999999910e+00	-2.088118100000000155e+01
2.109946799999999900e+00	-2.088118100000000155e+01
2.108781499999999642e+00	-2.092640400000000156e+01
2.107428599999999985e+00	-2.088118100000000155e+01
2.106060700000000008e+00	-2.088118100000000155e+01
2.104847200000000029e+00	-2.089248800000000017e+01
2.103701000000000043e+00	-2.088118100000000155e+01
2.102445499999999967e+00	-2.086987600000000143e+01
2.101110300000000208e+00	-2.086987600000000143e+01
2.099810900000000036e+00	-2.086987600000000143e+01
2.098564400000000330e+00	-2.090379199999999926e+01
2.097377799999999848e+00	-2.089248800000000017e+01
2.096230899999999675e+00	-2.094901499999999928e+01
2.095010999999999957e+00	-2.091509900000000144e+01
2.093654499999999974e+00	-2.088118100000000155e+01
2.092266000000000403e+00	-2.090379199999999926e+01
2.090983800000000059e+00	-2.094901499999999928e+01
2.089822399999999636e+00	-2.088118100000000155e+01
2.088707799999999892e+00	-2.086987600000000143e+01
2.087556999999999885e+00	-2.088118100000000155e+01
2.086355600000000088e+00	-2.086987600000000143e+01
2.085162599999999866e+00	-2.091509900000000144e+01
2.083971099999999854e+00	-2.085857200000000233e+01
2.082746999999999904e+00	-2.090379199999999926e+01
2.081481899999999996e+00	-2.092640400000000156e+01
2.080099000000000142e+00	-2.092640400000000156e+01
2.078644900000000018e+00	-2.090379199999999926e+01
2.077350499999999656e+00	-2.091509900000000144e+01
2.076260899999999854e+00	-2.092640400000000156e+01
2.075184500000000209e+00	-2.086987600000000143e+01
2.073989900000000386e+00	-2.088118100000000155e+01
2.072689999999999699e+00	-2.091509900000000144e+01
2.071348500000000037e+00	-2.088118100000000155e+01
2.070042200000000054e+00	-2.089248800000000017e+01
2.068821899999999658e+00	-2.089248800000000017e+01
2.067638700000000274e+00	-2.093770800000000065e+01
2.066441100000000031e+00	-2.096031999999999940e+01
2.065215100000000081e+00	-2.096031999999999940e+01
2.063922900000000116e+00	-2.097162600000000054e+01
2.062615499999999713e+00	-2.091509900000000144e+01
2.061332499999999790e+00	-2.094901499999999928e+01
2.060016000000000069e+00	-2.092640400000000156e+01
2.058750899999999717e+00	-2.094901499999999928e+01
2.057590299999999761e+00	-2.091509900000000144e+01
2.056377300000000297e+00	-2.091509900000000144e+01
2.055106700000000064e+00	-2.090379199999999926e+01
2.053908900000000148e+00	-2.091509900000000144e+01
2.052701100000000167e+00	-2.089248800000000017e+01
2.051353900000000063e+00	-2.085857200000000233e+01
2.050001499999999588e+00	-2.089248800000000017e+01
2.048827100000000012e+00	-2.086987600000000143e+01
2.047734799999999744e+00	-2.082465399999999889e+01
2.046549499999999799e+00	-2.085857200000000233e+01
2.045313099999999995e+00	-2.086987600000000143e+01
2.044128900000000026e+00	-2.085857200000000233e+01
2.042931100000000111e+00	-2.088118100000000155e+01
2.041629800000000383e+00	-2.090379199999999926e+01
2.040327000000000002e+00	-2.091509900000000144e+01
2.039081700000000108e+00	-2.088118100000000155e+01
2.037759499999999946e+00	-2.091509900000000144e+01
2.036412100000000169e+00	-2.093770800000000065e+01
2.035230400000000106e+00	-2.091509900000000144e+01
2.034093799999999952e+00	-2.088118100000000155e+01
2.032788899999999899e+00	-2.086987600000000143e+01
2.031446900000000166e+00	-2.090379199999999926e+01
2.030295899999999598e+00	-2.088118100000000155e+01
2.029224999999999834e+00	-2.090379199999999926e+01
2.028016800000000064e+00	-2.093770800000000065e+01
2.026755999999999780e+00	-2.090379199999999926e+01
2.025572900000000232e+00	-2.090379199999999926e+01
2.024406100000000208e+00	-2.092640400000000156e+01
2.023220799999999819e+00	-2.093770800000000065e+01
2.022016400000000047e+00	-2.092640400000000156e+01
2.020757600000000043e+00	-2.090379199999999926e+01
2.019506600000000152e+00	-2.091509900000000144e+01
2.018314700000000350e+00	-2.092640400000000156e+01
2.017078500000000219e+00	-2.089248800000000017e+01
2.015752700000000175e+00	-2.089248800000000017e+01
2.014442299999999797e+00	-2.089248800000000017e+01
2.013168999999999986e+00	-2.084726500000000016e+01
2.011851599999999962e+00	-2.086987600000000143e+01
2.010543499999999817e+00	-2.085857200000000233e+01
2.009375100000000192e+00	-2.081334900000000232e+01
2.008288400000000085e+00	-2.084726500000000016e+01
2.007106100000000115e+00	-2.091509900000000144e+01
2.005775700000000050e+00	-2.090379199999999926e+01
2.004426700000000228e+00	-2.084726500000000016e+01
2.003212800000000016e+00	-2.089248800000000017e+01
2.002041999999999877e+00	-2.089248800000000017e+01
2.000718699999999739e+00	-2.096031999999999940e+01
1.999371299999999962e+00	-2.092640400000000156e+01
1.998199700000000023e+00	-2.091509900000000144e+01
1.997060999999999975e+00	-2.090379199999999926e+01
1.995812699999999884e+00	-2.088118100000000155e+01
1.994533500000000181e+00	-2.086987600000000143e+01
1.993266799999999783e+00	-2.092640400000000156e+01
1.992015300000000266e+00	-2.094901499999999928e+01
1.990796599999999916e+00	-2.094901499999999928e+01
1.989555399999999974e+00	-2.094901499999999928e+01
1.988277100000000130e+00	-2.098293100000000067e+01
1.987074700000000194e+00	-2.096031999999999940e+01
1.985939400000000132e+00	-2.092640400000000156e+01
1.984680900000000081e+00	-2.092640400000000156e+01
1.983286700000000069e+00	-2.090379199999999926e+01
1.981912899999999755e+00	-2.091509900000000144e+01
1.980566099999999885e+00	-2.088118100000000155e+01
1.979235500000000147e+00	-2.093770800000000065e+01
1.978044300000000089e+00	-2.096031999999999940e+01
1.977005499999999971e+00	-2.096031999999999940e+01
1.975933399999999951e+00	-2.096031999999999940e+01
1.974685299999999977e+00	-2.093770800000000065e+01
1.973306099999999841e+00	-2.091509900000000144e+01
1.971961200000000192e+00	-2.096031999999999940e+01
1.970744099999999888e+00	-2.096031999999999940e+01
1.969565800000000255e+00	-2.097162600000000054e+01
1.968371900000000174e+00	-2.098293100000000067e+01
1.967170599999999991e+00	-2.094901499999999928e+01
1.965872599999999748e+00	-2.092640400000000156e+01
1.964541299999999824e+00	-2.094901499999999928e+01
1.963313000000000086e+00	-2.097162600000000054e+01
1.962067199999999900e+00	-2.094901499999999928e+01
1.960790100000000091e+00	-2.092640400000000156e+01
1.959673500000000068e+00	-2.096031999999999940e+01
1.958633700000000033e+00	-2.091509900000000144e+01
1.957413599999999976e+00	-2.089248800000000017e+01
1.956007700000000016e+00	-2.091509900000000144e+01
1.954590299999999781e+00	-2.099423599999999723e+01
1.953272399999999909e+00	-2.092640400000000156e+01
1.952089900000000044e+00	-2.094901499999999928e+01
1.950967499999999966e+00	-2.097162600000000054e+01
1.949766600000000016e+00	-2.091509900000000144e+01
1.948532099999999989e+00	-2.091509900000000144e+01
1.947353400000000123e+00	-2.097162600000000054e+01
1.946133100000000171e+00	-2.094901499999999928e+01
1.944828000000000001e+00	-2.092640400000000156e+01
1.943540199999999718e+00	-2.091509900000000144e+01
1.942315499999999862e+00	-2.088118100000000155e+01
1.941072199999999803e+00	-2.090379199999999926e+01
1.939740699999999984e+00	-2.090379199999999926e+01
1.938418600000000103e+00	-2.088118100000000155e+01
1.937171200000000093e+00	-2.086987600000000143e+01
1.935929299999999964e+00	-2.092640400000000156e+01
1.934676199999999957e+00	-2.092640400000000156e+01
1.933385599999999815e+00	-2.096031999999999940e+01
1.932057099999999972e+00	-2.096031999999999940e+01
1.930849500000000107e+00	-2.092640400000000156e+01
1.929786999999999919e+00	-2.093770800000000065e+01
1.928638100000000133e+00	-2.086987600000000143e+01
1.927324500000000107e+00	-2.090379199999999926e+01
1.926014900000000196e+00	-2.091509900000000144e+01
1.924793399999999988e+00	-2.088118100000000155e+01
1.923616100000000051e+00	-2.092640400000000156e+01
1.922464399999999740e+00	-2.092640400000000156e+01
1.921333299999999911e+00	-2.089248800000000017e+01
1.920169800000000038e+00	-2.094901499999999928e+01
1.918886700000000056e+00	-2.094901499999999928e+01
1.917428600000000039e+00	-2.091509900000000144e+01
1.915925199999999995e+00	-2.093770800000000065e+01
1.914672800000000175e+00	-2.089248800000000017e+01
1.913678900000000072e+00	-2.084726500000000016e+01
1.912555500000000075e+00	-2.082465399999999889e+01
1.911157400000000006e+00	-2.085857200000000233e+01
1.909781799999999974e+00	-2.086987600000000143e+01
1.908604199999999862e+00	-2.085857200000000233e+01
1.907424099999999845e+00	-2.089248800000000017e+01
1.906100000000000128e+00	-2.084726500000000016e+01
1.904845899999999981e+00	-2.085857200000000233e+01
1.903778200000000087e+00	-2.085857200000000233e+01
1.902621200000000012e+00	-2.084726500000000016e+01
1.901228099999999976e+00	-2.085857200000000233e+01
1.899835600000000069e+00	-2.083596100000000106e+01
1.898590500000000070e+00	-2.084726500000000016e+01
1.897368399999999955e+00	-2.086987600000000143e+01
1.896095099999999922e+00	-2.083596100000000106e+01
1.894833500000000059e+00	-2.085857200000000233e+01
