# ZSnsr (um)	Defl (nm)
-2.142541699999999771e+00	3.244666499999999676e+00
-2.142129000000000172e+00	3.244666499999999676e+00
-2.141662000000000177e+00	3.289888400000000157e+00
-2.140897499999999898e+00	3.369026600000000204e+00
-2.140058300000000191e+00	3.312499400000000094e+00
-2.139344400000000146e+00	3.301193999999999740e+00
-2.138720199999999849e+00	3.289888400000000157e+00
-2.138084699999999838e+00	3.323804800000000004e+00
-2.137369800000000097e+00	3.267277599999999893e+00
-2.136552199999999679e+00	3.301193999999999740e+00
-2.135669099999999876e+00	3.346415799999999940e+00
-2.134777600000000053e+00	3.312499400000000094e+00
-2.133952599999999755e+00	3.278583000000000247e+00
-2.133288299999999804e+00	3.267277599999999893e+00
-2.132679599999999898e+00	3.255972199999999983e+00
-2.131873499999999755e+00	3.278583000000000247e+00
-2.130919299999999961e+00	3.255972199999999983e+00
-2.130055699999999774e+00	3.244666499999999676e+00
-2.129294400000000032e+00	3.233361100000000210e+00
-2.128537099999999960e+00	3.289888400000000157e+00
-2.127769899999999659e+00	3.255972199999999983e+00
-2.127014600000000311e+00	3.267277599999999893e+00
-2.126230599999999971e+00	3.233361100000000210e+00
-2.125336099999999728e+00	3.289888400000000157e+00
-2.124344699999999975e+00	3.255972199999999983e+00
-2.123386099999999832e+00	3.267277599999999893e+00
-2.122572099999999740e+00	3.255972199999999983e+00
-2.121801099999999884e+00	3.255972199999999983e+00
-2.120845899999999951e+00	3.278583000000000247e+00
-2.119759100000000007e+00	3.278583000000000247e+00
-2.118798599999999865e+00	3.210750099999999829e+00
-2.118016300000000296e+00	3.188139300000000009e+00
-2.117290000000000116e+00	3.255972199999999983e+00
-2.116496499999999781e+00	3.278583000000000247e+00
-2.115594699999999939e+00	3.289888400000000157e+00
-2.114664100000000158e+00	3.267277599999999893e+00
-2.113733700000000049e+00	3.267277599999999893e+00
-2.112774600000000280e+00	3.244666499999999676e+00
-2.111862799999999929e+00	3.199444699999999919e+00
-2.111094299999999979e+00	3.289888400000000157e+00
-2.110429700000000075e+00	3.255972199999999983e+00
-2.109689799999999948e+00	3.323804800000000004e+00
-2.108722999999999903e+00	3.267277599999999893e+00
-2.107593199999999722e+00	3.255972199999999983e+00
-2.106532499999999697e+00	3.199444699999999919e+00
-2.105670299999999884e+00	3.188139300000000009e+00
-2.104852500000000237e+00	3.199444699999999919e+00
-2.103892700000000282e+00	3.176833900000000099e+00
-2.102838599999999669e+00	3.188139300000000009e+00
-2.101827500000000182e+00	3.199444699999999919e+00
-2.100897499999999862e+00	3.188139300000000009e+00
-2.100042399999999976e+00	3.199444699999999919e+00
-2.099259099999999822e+00	3.222055699999999856e+00
-2.098467799999999883e+00	3.222055699999999856e+00
-2.097598800000000097e+00	3.199444699999999919e+00
-2.096710399999999641e+00	3.165528299999999629e+00
-2.095803899999999942e+00	3.154222900000000163e+00
-2.094782499999999992e+00	3.210750099999999829e+00
-2.093675200000000292e+00	3.188139300000000009e+00
-2.092598600000000086e+00	3.244666499999999676e+00
-2.091597499999999776e+00	3.278583000000000247e+00
-2.090652299999999908e+00	3.278583000000000247e+00
-2.089682500000000331e+00	3.244666499999999676e+00
-2.088650300000000293e+00	3.210750099999999829e+00
-2.087664100000000023e+00	3.244666499999999676e+00
-2.086740999999999957e+00	3.210750099999999829e+00
-2.085739199999999904e+00	3.199444699999999919e+00
-2.084649199999999869e+00	3.188139300000000009e+00
-2.083640799999999960e+00	3.188139300000000009e+00
-2.082765600000000106e+00	3.222055699999999856e+00
-2.081853800000000199e+00	3.267277599999999893e+00
-2.080859499999999862e+00	3.278583000000000247e+00
-2.079940500000000192e+00	3.222055699999999856e+00
-2.079117800000000127e+00	3.222055699999999856e+00
-2.078268200000000121e+00	3.255972199999999983e+00
-2.077336100000000130e+00	3.244666499999999676e+00
-2.076365000000000016e+00	3.233361100000000210e+00
-2.075412099999999871e+00	3.255972199999999983e+00
-2.074448500000000362e+00	3.244666499999999676e+00
-2.073447100000000098e+00	3.255972199999999983e+00
-2.072478099999999657e+00	3.222055699999999856e+00
-2.071515599999999679e+00	3.233361100000000210e+00
-2.070442200000000010e+00	3.244666499999999676e+00
-2.069324399999999731e+00	3.278583000000000247e+00
-2.068343699999999785e+00	3.210750099999999829e+00
-2.067517000000000049e+00	3.199444699999999919e+00
-2.066650899999999957e+00	3.210750099999999829e+00
-2.065579800000000077e+00	3.244666499999999676e+00
-2.064414299999999702e+00	3.210750099999999829e+00
-2.063413599999999626e+00	3.255972199999999983e+00
-2.062593899999999980e+00	3.244666499999999676e+00
-2.061713300000000082e+00	3.199444699999999919e+00
-2.060663299999999865e+00	3.154222900000000163e+00
-2.059586400000000150e+00	3.222055699999999856e+00
-2.058622600000000080e+00	3.267277599999999893e+00
-2.057720600000000122e+00	3.244666499999999676e+00
-2.056737499999999663e+00	3.244666499999999676e+00
-2.055689500000000169e+00	3.278583000000000247e+00
-2.054677499999999934e+00	3.289888400000000157e+00
-2.053663400000000028e+00	3.267277599999999893e+00
-2.052634000000000292e+00	3.222055699999999856e+00
-2.051707700000000134e+00	3.278583000000000247e+00
-2.050869199999999726e+00	3.312499400000000094e+00
-2.049953799999999937e+00	3.255972199999999983e+00
-2.048923499999999898e+00	3.233361100000000210e+00
-2.047891699999999648e+00	3.267277599999999893e+00
-2.046947199999999967e+00	3.222055699999999856e+00
-2.046054499999999887e+00	3.199444699999999919e+00
-2.045088199999999912e+00	3.176833900000000099e+00
-2.044020699999999913e+00	3.188139300000000009e+00
-2.042988400000000038e+00	3.244666499999999676e+00
-2.042046600000000378e+00	3.244666499999999676e+00
-2.041112600000000388e+00	3.289888400000000157e+00
-2.040189900000000112e+00	3.255972199999999983e+00
-2.039279899999999923e+00	3.210750099999999829e+00
-2.038241300000000145e+00	3.210750099999999829e+00
-2.037049899999999969e+00	3.255972199999999983e+00
-2.035884999999999945e+00	3.255972199999999983e+00
-2.034878899999999824e+00	3.244666499999999676e+00
-2.034024399999999844e+00	3.278583000000000247e+00
-2.033195000000000086e+00	3.233361100000000210e+00
-2.032238400000000222e+00	3.210750099999999829e+00
-2.031218599999999874e+00	3.210750099999999829e+00
-2.030320500000000195e+00	3.176833900000000099e+00
-2.029432600000000253e+00	3.199444699999999919e+00
-2.028327599999999897e+00	3.199444699999999919e+00
-2.027182499999999887e+00	3.188139300000000009e+00
-2.026234799999999669e+00	3.210750099999999829e+00
-2.025285100000000060e+00	3.210750099999999829e+00
-2.024166899999999991e+00	3.142917500000000253e+00
-2.023103700000000060e+00	3.154222900000000163e+00
-2.022209399999999935e+00	3.210750099999999829e+00
-2.021270799999999923e+00	3.244666499999999676e+00
-2.020226699999999820e+00	3.244666499999999676e+00
-2.019277600000000117e+00	3.210750099999999829e+00
-2.018448400000000031e+00	3.222055699999999856e+00
-2.017547800000000002e+00	3.222055699999999856e+00
-2.016510300000000200e+00	3.222055699999999856e+00
-2.015433199999999925e+00	3.267277599999999893e+00
-2.014393899999999960e+00	3.278583000000000247e+00
-2.013375899999999774e+00	3.255972199999999983e+00
-2.012337499999999668e+00	3.233361100000000210e+00
-2.011331600000000108e+00	3.233361100000000210e+00
-2.010415999999999759e+00	3.233361100000000210e+00
-2.009511000000000269e+00	3.278583000000000247e+00
-2.008528100000000371e+00	3.210750099999999829e+00
-2.007504899999999814e+00	3.222055699999999856e+00
-2.006539300000000026e+00	3.255972199999999983e+00
-2.005605399999999872e+00	3.199444699999999919e+00
-2.004551300000000147e+00	3.255972199999999983e+00
-2.003403599999999951e+00	3.267277599999999893e+00
-2.002334400000000070e+00	3.301193999999999740e+00
-2.001326300000000113e+00	3.267277599999999893e+00
-2.000312899999999949e+00	3.210750099999999829e+00
-1.999384499999999898e+00	3.267277599999999893e+00
-1.998531800000000080e+00	3.244666499999999676e+00
-1.997518199999999799e+00	3.233361100000000210e+00
-1.996255600000000241e+00	3.222055699999999856e+00
-1.995027999999999802e+00	3.154222900000000163e+00
-1.994058700000000295e+00	3.233361100000000210e+00
-1.993200800000000106e+00	3.255972199999999983e+00
-1.992274299999999831e+00	3.244666499999999676e+00
-1.991294499999999745e+00	3.289888400000000157e+00
-1.990284500000000012e+00	3.267277599999999893e+00
-1.989226800000000184e+00	3.278583000000000247e+00
-1.988164999999999960e+00	3.267277599999999893e+00
-1.987135900000000177e+00	3.233361100000000210e+00
-1.986146799999999768e+00	3.244666499999999676e+00
-1.985239999999999894e+00	3.244666499999999676e+00
-1.984351000000000198e+00	3.267277599999999893e+00
-1.983330800000000060e+00	3.255972199999999983e+00
-1.982200500000000032e+00	3.233361100000000210e+00
-1.981078000000000117e+00	3.199444699999999919e+00
-1.980002900000000121e+00	3.255972199999999983e+00
-1.978935200000000005e+00	3.244666499999999676e+00
-1.977829199999999954e+00	3.222055699999999856e+00
-1.976747200000000149e+00	3.233361100000000210e+00
-1.975756300000000021e+00	3.255972199999999983e+00
-1.974829300000000121e+00	3.255972199999999983e+00
-1.973929600000000173e+00	3.278583000000000247e+00
-1.972970700000000077e+00	3.244666499999999676e+00
-1.971842499999999943e+00	3.244666499999999676e+00
-1.970631000000000022e+00	3.267277599999999893e+00
-1.969534399999999685e+00	3.255972199999999983e+00
-1.968537200000000098e+00	3.267277599999999893e+00
-1.967518799999999901e+00	3.244666499999999676e+00
-1.966541300000000048e+00	3.199444699999999919e+00
-1.965675000000000061e+00	3.188139300000000009e+00
-1.964798900000000126e+00	3.188139300000000009e+00
-1.963797599999999921e+00	3.233361100000000210e+00
-1.962733700000000026e+00	3.278583000000000247e+00
-1.961707300000000043e+00	3.233361100000000210e+00
-1.960704800000000247e+00	3.244666499999999676e+00
-1.959689400000000248e+00	3.222055699999999856e+00
-1.958660700000000254e+00	3.233361100000000210e+00
-1.957612299999999861e+00	3.210750099999999829e+00
-1.956575899999999812e+00	3.233361100000000210e+00
-1.955605500000000108e+00	3.244666499999999676e+00
-1.954658299999999960e+00	3.222055699999999856e+00
-1.953620499999999982e+00	3.210750099999999829e+00
-1.952520299999999986e+00	3.199444699999999919e+00
-1.951529400000000303e+00	3.199444699999999919e+00
-1.950620299999999974e+00	3.188139300000000009e+00
-1.949606700000000137e+00	3.210750099999999829e+00
-1.948508699999999871e+00	3.233361100000000210e+00
-1.947449600000000114e+00	3.289888400000000157e+00
-1.946452799999999872e+00	3.210750099999999829e+00
-1.945484400000000003e+00	3.199444699999999919e+00
-1.944483300000000137e+00	3.188139300000000009e+00
-1.943416500000000102e+00	3.244666499999999676e+00
-1.942277999999999727e+00	3.233361100000000210e+00
-1.941138600000000158e+00	3.233361100000000210e+00
-1.940151399999999970e+00	3.176833900000000099e+00
-1.939272799999999908e+00	3.210750099999999829e+00
-1.938282100000000119e+00	3.188139300000000009e+00
-1.937167599999999990e+00	3.233361100000000210e+00
-1.936129600000000117e+00	3.199444699999999919e+00
-1.935200999999999949e+00	3.210750099999999829e+00
-1.934180799999999811e+00	3.289888400000000157e+00
-1.933014799999999811e+00	3.233361100000000210e+00
-1.931895000000000140e+00	3.222055699999999856e+00
-1.930906100000000070e+00	3.188139300000000009e+00
-1.929929299999999959e+00	3.233361100000000210e+00
-1.928889100000000134e+00	3.233361100000000210e+00
-1.927837500000000093e+00	3.210750099999999829e+00
-1.926811400000000285e+00	3.176833900000000099e+00
-1.925788899999999915e+00	3.188139300000000009e+00
-1.924772300000000103e+00	3.165528299999999629e+00
-1.923755899999999741e+00	3.109001099999999962e+00
-1.922737300000000094e+00	3.165528299999999629e+00
-1.921740199999999898e+00	3.222055699999999856e+00
-1.920684800000000081e+00	3.210750099999999829e+00
-1.919546500000000044e+00	3.233361100000000210e+00
-1.918514699999999795e+00	3.199444699999999919e+00
-1.917646600000000090e+00	3.233361100000000210e+00
-1.916714800000000052e+00	3.188139300000000009e+00
-1.915597299999999947e+00	3.188139300000000009e+00
-1.914449100000000126e+00	3.255972199999999983e+00
-1.913398099999999991e+00	3.244666499999999676e+00
-1.912407900000000049e+00	3.233361100000000210e+00
-1.911395700000000142e+00	3.199444699999999919e+00
-1.910310400000000186e+00	3.255972199999999983e+00
-1.909194199999999952e+00	3.210750099999999829e+00
-1.908126699999999953e+00	3.210750099999999829e+00
-1.907146400000000019e+00	3.222055699999999856e+00
-1.906236700000000006e+00	3.244666499999999676e+00
-1.905290399999999940e+00	3.199444699999999919e+00
-1.904209999999999958e+00	3.131612099999999899e+00
-1.903024100000000107e+00	3.154222900000000163e+00
-1.901810699999999965e+00	3.188139300000000009e+00
-1.900675399999999904e+00	3.199444699999999919e+00
-1.899738399999999938e+00	3.255972199999999983e+00
-1.898897899999999916e+00	3.244666499999999676e+00
-1.897894100000000028e+00	3.165528299999999629e+00
-1.896728299999999923e+00	3.210750099999999829e+00
-1.895574000000000092e+00	3.267277599999999893e+00
-1.894476999999999967e+00	3.188139300000000009e+00
-1.893505400000000005e+00	3.188139300000000009e+00
-1.892686300000000044e+00	3.233361100000000210e+00
-1.891795299999999846e+00	3.188139300000000009e+00
-1.890709399999999984e+00	3.188139300000000009e+00
-1.889585400000000082e+00	3.188139300000000009e+00
-1.888490900000000083e+00	3.233361100000000210e+00
-1.887356599999999940e+00	3.176833900000000099e+00
-1.886245600000000078e+00	3.199444699999999919e+00
-1.885240600000000155e+00	3.199444699999999919e+00
-1.884231900000000071e+00	3.222055699999999856e+00
-1.883156999999999970e+00	3.222055699999999856e+00
-1.882142199999999876e+00	3.154222900000000163e+00
-1.881221699999999997e+00	3.233361100000000210e+00
-1.880248399999999931e+00	3.255972199999999983e+00
-1.879148200000000157e+00	3.244666499999999676e+00
-1.878003699999999832e+00	3.267277599999999893e+00
-1.876877300000000082e+00	3.222055699999999856e+00
-1.875758499999999884e+00	3.233361100000000210e+00
-1.874661700000000097e+00	3.233361100000000210e+00
-1.873627300000000107e+00	3.210750099999999829e+00
-1.872646699999999997e+00	3.267277599999999893e+00
-1.871695000000000109e+00	3.255972199999999983e+00
-1.870798500000000031e+00	3.244666499999999676e+00
-1.869925199999999954e+00	3.267277599999999893e+00
-1.868962499999999860e+00	3.244666499999999676e+00
-1.867900800000000139e+00	3.278583000000000247e+00
-1.866791300000000042e+00	3.301193999999999740e+00
-1.865613999999999884e+00	3.301193999999999740e+00
-1.864396300000000117e+00	3.267277599999999893e+00
-1.863251999999999908e+00	3.301193999999999740e+00
-1.862188100000000013e+00	3.267277599999999893e+00
-1.861128200000000010e+00	3.312499400000000094e+00
-1.860091600000000067e+00	3.312499400000000094e+00
-1.859131800000000112e+00	3.278583000000000247e+00
-1.858221499999999970e+00	3.289888400000000157e+00
-1.857271200000000011e+00	3.289888400000000157e+00
-1.856210099999999974e+00	3.323804800000000004e+00
-1.855104800000000109e+00	3.323804800000000004e+00
-1.854054599999999997e+00	3.301193999999999740e+00
-1.852980399999999861e+00	3.323804800000000004e+00
-1.851815499999999837e+00	3.335110200000000358e+00
-1.850706799999999985e+00	3.323804800000000004e+00
-1.849705500000000002e+00	3.380331999999999670e+00
-1.848634600000000017e+00	3.425553799999999871e+00
-1.847461699999999984e+00	3.402943000000000051e+00
-1.846354600000000179e+00	3.357721199999999850e+00
-1.845379199999999997e+00	3.369026600000000204e+00
-1.844450300000000098e+00	3.323804800000000004e+00
-1.843464400000000003e+00	3.312499400000000094e+00
-1.842413899999999938e+00	3.312499400000000094e+00
-1.841378000000000181e+00	3.369026600000000204e+00
-1.840389100000000111e+00	3.312499400000000094e+00
-1.839381799999999956e+00	3.312499400000000094e+00
-1.838285799999999970e+00	3.289888400000000157e+00
-1.837169999999999970e+00	3.335110200000000358e+00
-1.836154100000000122e+00	3.369026600000000204e+00
-1.835164100000000076e+00	3.346415799999999940e+00
-1.834037200000000034e+00	3.335110200000000358e+00
-1.832809099999999969e+00	3.346415799999999940e+00
-1.831633700000000031e+00	3.346415799999999940e+00
-1.830580700000000061e+00	3.346415799999999940e+00
-1.829639800000000038e+00	3.323804800000000004e+00
-1.828724500000000086e+00	3.323804800000000004e+00
-1.827716299999999849e+00	3.335110200000000358e+00
-1.826621700000000015e+00	3.335110200000000358e+00
-1.825539599999999929e+00	3.335110200000000358e+00
-1.824511599999999900e+00	3.414248400000000405e+00
-1.823521100000000006e+00	3.391637600000000141e+00
-1.822527600000000136e+00	3.357721199999999850e+00
-1.821508200000000022e+00	3.335110200000000358e+00
-1.820496899999999973e+00	3.335110200000000358e+00
-1.819484600000000007e+00	3.323804800000000004e+00
-1.818393199999999821e+00	3.369026600000000204e+00
-1.817240200000000083e+00	3.301193999999999740e+00
-1.816127300000000000e+00	3.335110200000000358e+00
-1.815037599999999918e+00	3.323804800000000004e+00
-1.813911799999999852e+00	3.369026600000000204e+00
-1.812848500000000085e+00	3.346415799999999940e+00
-1.811920000000000197e+00	3.335110200000000358e+00
-1.810995899999999992e+00	3.369026600000000204e+00
-1.809967399999999893e+00	3.335110200000000358e+00
-1.808894600000000130e+00	3.323804800000000004e+00
-1.807797799999999899e+00	3.312499400000000094e+00
-1.806606399999999946e+00	3.380331999999999670e+00
-1.805428800000000056e+00	3.357721199999999850e+00
-1.804451799999999828e+00	3.369026600000000204e+00
-1.803553999999999879e+00	3.346415799999999940e+00
-1.802493099999999959e+00	3.357721199999999850e+00
-1.801307200000000108e+00	3.346415799999999940e+00
-1.800199899999999964e+00	3.380331999999999670e+00
-1.799195600000000006e+00	3.380331999999999670e+00
-1.798143899999999906e+00	3.369026600000000204e+00
-1.797007400000000032e+00	3.357721199999999850e+00
-1.795903999999999945e+00	3.346415799999999940e+00
-1.794869800000000071e+00	3.369026600000000204e+00
-1.793823299999999898e+00	3.391637600000000141e+00
-1.792810699999999979e+00	3.267277599999999893e+00
-1.791923299999999886e+00	3.289888400000000157e+00
-1.790977499999999889e+00	3.346415799999999940e+00
-1.789818000000000131e+00	3.335110200000000358e+00
-1.788621499999999864e+00	3.255972199999999983e+00
-1.787477800000000006e+00	3.301193999999999740e+00
-1.786296300000000059e+00	3.323804800000000004e+00
-1.785153699999999954e+00	3.391637600000000141e+00
-1.784151800000000065e+00	3.357721199999999850e+00
-1.783165399999999901e+00	3.301193999999999740e+00
-1.782102999999999993e+00	3.357721199999999850e+00
-1.781091999999999897e+00	3.335110200000000358e+00
-1.780172599999999994e+00	3.391637600000000141e+00
-1.779204500000000078e+00	3.380331999999999670e+00
-1.778130800000000011e+00	3.391637600000000141e+00
-1.776989500000000000e+00	3.402943000000000051e+00
-1.775814099999999840e+00	3.391637600000000141e+00
-1.774648099999999840e+00	3.380331999999999670e+00
-1.773534999999999862e+00	3.380331999999999670e+00
-1.772495099999999990e+00	3.369026600000000204e+00
-1.771500800000000098e+00	3.346415799999999940e+00
-1.770516500000000049e+00	3.391637600000000141e+00
-1.769530199999999942e+00	3.414248400000000405e+00
-1.768482700000000074e+00	3.391637600000000141e+00
-1.767321900000000001e+00	3.425553799999999871e+00
-1.766140799999999844e+00	3.414248400000000405e+00
-1.765048100000000009e+00	3.402943000000000051e+00
-1.763990200000000064e+00	3.391637600000000141e+00
-1.762877000000000027e+00	3.357721199999999850e+00
-1.761752299999999938e+00	3.391637600000000141e+00
-1.760727600000000059e+00	3.391637600000000141e+00
-1.759783799999999898e+00	3.436859499999999734e+00
-1.758780899999999869e+00	3.369026600000000204e+00
-1.757659000000000082e+00	3.369026600000000204e+00
-1.756475500000000078e+00	3.425553799999999871e+00
-1.755343899999999957e+00	3.357721199999999850e+00
-1.754352000000000134e+00	3.402943000000000051e+00
-1.753440200000000004e+00	3.448164900000000088e+00
-1.752418900000000113e+00	3.436859499999999734e+00
-1.751181799999999900e+00	3.414248400000000405e+00
-1.749892400000000015e+00	3.369026600000000204e+00
-1.748768899999999960e+00	3.323804800000000004e+00
-1.747741299999999942e+00	3.323804800000000004e+00
-1.746637299999999948e+00	3.323804800000000004e+00
-1.745501299999999922e+00	3.357721199999999850e+00
-1.744447300000000034e+00	3.391637600000000141e+00
-1.743446500000000121e+00	3.369026600000000204e+00
-1.742458900000000144e+00	3.391637600000000141e+00
-1.741525600000000118e+00	3.402943000000000051e+00
-1.740592600000000045e+00	3.357721199999999850e+00
-1.739540599999999992e+00	3.357721199999999850e+00
-1.738410600000000139e+00	3.380331999999999670e+00
-1.737333500000000086e+00	3.425553799999999871e+00
-1.736301700000000059e+00	3.436859499999999734e+00
-1.735155800000000026e+00	3.346415799999999940e+00
-1.733858200000000016e+00	3.380331999999999670e+00
-1.732626600000000128e+00	3.391637600000000141e+00
-1.731599600000000017e+00	3.335110200000000358e+00
-1.730667299999999909e+00	3.369026600000000204e+00
-1.729728399999999944e+00	3.425553799999999871e+00
-1.728759500000000005e+00	3.369026600000000204e+00
-1.727735899999999880e+00	3.346415799999999940e+00
-1.726679599999999981e+00	3.425553799999999871e+00
-1.725618899999999956e+00	3.346415799999999940e+00
-1.724539900000000126e+00	3.414248400000000405e+00
-1.723446999999999951e+00	3.380331999999999670e+00
-1.722340800000000005e+00	3.391637600000000141e+00
-1.721211700000000011e+00	3.380331999999999670e+00
-1.720084399999999958e+00	3.436859499999999734e+00
-1.718945399999999957e+00	3.414248400000000405e+00
-1.717780399999999874e+00	3.391637600000000141e+00
-1.716684199999999993e+00	3.402943000000000051e+00
-1.715685100000000185e+00	3.402943000000000051e+00
-1.714633199999999968e+00	3.436859499999999734e+00
-1.713486000000000065e+00	3.414248400000000405e+00
-1.712402500000000050e+00	3.436859499999999734e+00
-1.711415199999999803e+00	3.425553799999999871e+00
-1.710365799999999936e+00	3.448164900000000088e+00
-1.709195100000000078e+00	3.369026600000000204e+00
-1.707987200000000039e+00	3.369026600000000204e+00
-1.706791000000000169e+00	3.357721199999999850e+00
-1.705628399999999933e+00	3.369026600000000204e+00
-1.704597999999999836e+00	3.425553799999999871e+00
-1.703723899999999958e+00	3.369026600000000204e+00
-1.702794200000000036e+00	3.357721199999999850e+00
-1.701639600000000030e+00	3.391637600000000141e+00
-1.700401300000000004e+00	3.391637600000000141e+00
-1.699279899999999843e+00	3.391637600000000141e+00
-1.698232699999999928e+00	3.391637600000000141e+00
-1.697132799999999886e+00	3.425553799999999871e+00
-1.696069100000000107e+00	3.369026600000000204e+00
-1.695157799999999826e+00	3.346415799999999940e+00
-1.694206600000000007e+00	3.380331999999999670e+00
-1.693048799999999909e+00	3.380331999999999670e+00
-1.691867699999999974e+00	3.323804800000000004e+00
-1.690803199999999951e+00	3.346415799999999940e+00
-1.689762399999999998e+00	3.323804800000000004e+00
-1.688707699999999923e+00	3.301193999999999740e+00
-1.687655300000000080e+00	3.301193999999999740e+00
-1.686553100000000027e+00	3.301193999999999740e+00
-1.685429300000000019e+00	3.346415799999999940e+00
-1.684358800000000045e+00	3.335110200000000358e+00
-1.683252799999999993e+00	3.346415799999999940e+00
-1.682048600000000116e+00	3.380331999999999670e+00
-1.680912500000000032e+00	3.301193999999999740e+00
-1.679896999999999974e+00	3.312499400000000094e+00
-1.678788100000000005e+00	3.369026600000000204e+00
-1.677575299999999991e+00	3.346415799999999940e+00
-1.676468400000000081e+00	3.312499400000000094e+00
-1.675434099999999926e+00	3.255972199999999983e+00
-1.674378600000000050e+00	3.278583000000000247e+00
-1.673365199999999886e+00	3.323804800000000004e+00
-1.672323500000000074e+00	3.301193999999999740e+00
-1.671188300000000071e+00	3.335110200000000358e+00
-1.670135600000000053e+00	3.335110200000000358e+00
-1.669178499999999898e+00	3.289888400000000157e+00
-1.668078200000000066e+00	3.267277599999999893e+00
-1.666839799999999983e+00	3.222055699999999856e+00
-1.665664100000000092e+00	3.244666499999999676e+00
-1.664531699999999947e+00	3.289888400000000157e+00
-1.663338499999999831e+00	3.278583000000000247e+00
-1.662166400000000044e+00	3.346415799999999940e+00
-1.661132500000000123e+00	3.357721199999999850e+00
-1.660192300000000065e+00	3.312499400000000094e+00
-1.659208000000000016e+00	3.312499400000000094e+00
-1.658141400000000099e+00	3.323804800000000004e+00
-1.657067999999999985e+00	3.357721199999999850e+00
-1.655960300000000052e+00	3.357721199999999850e+00
-1.654721699999999851e+00	3.289888400000000157e+00
-1.653480499999999909e+00	3.289888400000000157e+00
-1.652447599999999905e+00	3.323804800000000004e+00
-1.651501399999999897e+00	3.335110200000000358e+00
-1.650397700000000079e+00	3.323804800000000004e+00
-1.649200299999999952e+00	3.369026600000000204e+00
-1.648053100000000049e+00	3.369026600000000204e+00
-1.646881399999999829e+00	3.323804800000000004e+00
-1.645637000000000016e+00	3.312499400000000094e+00
-1.644478100000000165e+00	3.335110200000000358e+00
-1.643485099999999921e+00	3.346415799999999940e+00
-1.642514199999999924e+00	3.380331999999999670e+00
-1.641461199999999954e+00	3.346415799999999940e+00
-1.640362399999999887e+00	3.346415799999999940e+00
-1.639246599999999887e+00	3.346415799999999940e+00
-1.638140399999999941e+00	3.278583000000000247e+00
-1.637127100000000057e+00	3.244666499999999676e+00
-1.636219799999999891e+00	3.278583000000000247e+00
-1.635265100000000027e+00	3.289888400000000157e+00
-1.634111300000000044e+00	3.301193999999999740e+00
-1.632781000000000038e+00	3.323804800000000004e+00
-1.631466000000000083e+00	3.301193999999999740e+00
-1.630383200000000032e+00	3.267277599999999893e+00
-1.629515199999999941e+00	3.267277599999999893e+00
-1.628616000000000064e+00	3.301193999999999740e+00
-1.627537000000000011e+00	3.312499400000000094e+00
-1.626376000000000044e+00	3.312499400000000094e+00
-1.625286699999999973e+00	3.312499400000000094e+00
-1.624266099999999824e+00	3.312499400000000094e+00
-1.623234199999999960e+00	3.267277599999999893e+00
-1.622195700000000018e+00	3.301193999999999740e+00
-1.621163200000000026e+00	3.346415799999999940e+00
-1.620046800000000120e+00	3.391637600000000141e+00
-1.618813499999999905e+00	3.346415799999999940e+00
-1.617609199999999969e+00	3.346415799999999940e+00
-1.616548199999999991e+00	3.335110200000000358e+00
-1.615581399999999945e+00	3.346415799999999940e+00
-1.614599200000000012e+00	3.346415799999999940e+00
-1.613518299999999961e+00	3.335110200000000358e+00
-1.612342000000000164e+00	3.335110200000000358e+00
-1.611114700000000122e+00	3.301193999999999740e+00
-1.609865899999999961e+00	3.357721199999999850e+00
-1.608678999999999970e+00	3.357721199999999850e+00
-1.607624400000000175e+00	3.323804800000000004e+00
-1.606628900000000026e+00	3.267277599999999893e+00
-1.605549300000000068e+00	3.267277599999999893e+00
-1.604356400000000127e+00	3.323804800000000004e+00
-1.603199700000000005e+00	3.346415799999999940e+00
-1.602173500000000139e+00	3.323804800000000004e+00
-1.601145299999999994e+00	3.357721199999999850e+00
-1.600006500000000109e+00	3.380331999999999670e+00
-1.598862199999999900e+00	3.346415799999999940e+00
-1.597824499999999981e+00	3.346415799999999940e+00
-1.596794599999999953e+00	3.357721199999999850e+00
-1.595625499999999919e+00	3.414248400000000405e+00
-1.594419000000000031e+00	3.335110200000000358e+00
-1.593356699999999959e+00	3.312499400000000094e+00
-1.592335400000000067e+00	3.301193999999999740e+00
-1.591176200000000041e+00	3.301193999999999740e+00
-1.589951100000000173e+00	3.278583000000000247e+00
-1.588799100000000131e+00	3.335110200000000358e+00
-1.587763100000000094e+00	3.289888400000000157e+00
-1.586784699999999937e+00	3.278583000000000247e+00
-1.585715599999999892e+00	3.278583000000000247e+00
-1.584529599999999983e+00	3.323804800000000004e+00
-1.583342899999999887e+00	3.357721199999999850e+00
-1.582224499999999923e+00	3.301193999999999740e+00
-1.581200799999999962e+00	3.278583000000000247e+00
-1.580209500000000045e+00	3.289888400000000157e+00
-1.579128500000000157e+00	3.312499400000000094e+00
-1.577978499999999951e+00	3.323804800000000004e+00
-1.576827499999999826e+00	3.369026600000000204e+00
-1.575675099999999995e+00	3.312499400000000094e+00
-1.574577499999999963e+00	3.323804800000000004e+00
-1.573531800000000036e+00	3.335110200000000358e+00
-1.572357599999999911e+00	3.323804800000000004e+00
-1.571032999999999902e+00	3.357721199999999850e+00
-1.569847699999999957e+00	3.323804800000000004e+00
-1.568886099999999839e+00	3.357721199999999850e+00
-1.567860900000000113e+00	3.301193999999999740e+00
-1.566659100000000082e+00	3.255972199999999983e+00
-1.565458400000000028e+00	3.335110200000000358e+00
-1.564382299999999892e+00	3.289888400000000157e+00
-1.563398400000000077e+00	3.346415799999999940e+00
-1.562372300000000047e+00	3.323804800000000004e+00
-1.561204199999999931e+00	3.289888400000000157e+00
-1.560000300000000006e+00	3.312499400000000094e+00
-1.558884200000000053e+00	3.267277599999999893e+00
-1.557774500000000062e+00	3.233361100000000210e+00
-1.556637799999999849e+00	3.255972199999999983e+00
-1.555566700000000191e+00	3.323804800000000004e+00
-1.554517699999999891e+00	3.244666499999999676e+00
-1.553429699999999913e+00	3.267277599999999893e+00
-1.552364400000000089e+00	3.289888400000000157e+00
-1.551282799999999851e+00	3.301193999999999740e+00
-1.550098900000000057e+00	3.255972199999999983e+00
-1.548922999999999828e+00	3.301193999999999740e+00
-1.547876299999999983e+00	3.278583000000000247e+00
-1.546872199999999919e+00	3.244666499999999676e+00
-1.545798800000000028e+00	3.255972199999999983e+00
-1.544677200000000195e+00	3.267277599999999893e+00
-1.543549799999999861e+00	3.301193999999999740e+00
-1.542409299999999872e+00	3.244666499999999676e+00
-1.541278900000000007e+00	3.199444699999999919e+00
-1.540201500000000001e+00	3.210750099999999829e+00
-1.539101999999999970e+00	3.278583000000000247e+00
-1.537855699999999937e+00	3.267277599999999893e+00
-1.536516699999999958e+00	3.278583000000000247e+00
-1.535266400000000031e+00	3.176833900000000099e+00
-1.534167000000000058e+00	3.233361100000000210e+00
-1.533163400000000065e+00	3.267277599999999893e+00
-1.532199100000000147e+00	3.267277599999999893e+00
-1.531185800000000041e+00	3.289888400000000157e+00
-1.530054799999999826e+00	3.244666499999999676e+00
-1.528892400000000151e+00	3.267277599999999893e+00
-1.527792299999999992e+00	3.244666499999999676e+00
-1.526663500000000173e+00	3.233361100000000210e+00
-1.525467500000000198e+00	3.233361100000000210e+00
-1.524373399999999990e+00	3.255972199999999983e+00
-1.523401900000000087e+00	3.210750099999999829e+00
-1.522349999999999870e+00	3.244666499999999676e+00
-1.521212199999999903e+00	3.244666499999999676e+00
-1.520148800000000078e+00	3.222055699999999856e+00
-1.519101600000000163e+00	3.255972199999999983e+00
-1.517953099999999944e+00	3.210750099999999829e+00
-1.516812500000000119e+00	3.154222900000000163e+00
-1.515759100000000137e+00	3.120306499999999872e+00
-1.514647899999999936e+00	3.142917500000000253e+00
-1.513399600000000067e+00	3.222055699999999856e+00
-1.512183899999999914e+00	3.222055699999999856e+00
-1.511146700000000065e+00	3.199444699999999919e+00
-1.510158700000000076e+00	3.210750099999999829e+00
-1.509014999999999995e+00	3.233361100000000210e+00
-1.507751699999999806e+00	3.176833900000000099e+00
-1.506537699999999980e+00	3.233361100000000210e+00
-1.505374900000000071e+00	3.233361100000000210e+00
-1.504216900000000079e+00	3.199444699999999919e+00
-1.503129399999999949e+00	3.244666499999999676e+00
-1.502100299999999944e+00	3.267277599999999893e+00
-1.501040900000000011e+00	3.267277599999999893e+00
-1.499903900000000068e+00	3.199444699999999919e+00
-1.498691100000000054e+00	3.165528299999999629e+00
-1.497494299999999834e+00	3.199444699999999919e+00
-1.496364600000000156e+00	3.233361100000000210e+00
-1.495210399999999940e+00	3.244666499999999676e+00
-1.493943999999999939e+00	3.244666499999999676e+00
-1.492642699999999989e+00	3.222055699999999856e+00
-1.491544299999999934e+00	3.188139300000000009e+00
-1.490715900000000094e+00	3.210750099999999829e+00
-1.489869899999999969e+00	3.222055699999999856e+00
-1.488760099999999920e+00	3.210750099999999829e+00
-1.487496300000000105e+00	3.233361100000000210e+00
-1.486310500000000090e+00	3.233361100000000210e+00
-1.485197100000000159e+00	3.289888400000000157e+00
-1.484015800000000107e+00	3.267277599999999893e+00
-1.482835400000000137e+00	3.244666499999999676e+00
-1.481768100000000032e+00	3.301193999999999740e+00
-1.480705799999999961e+00	3.255972199999999983e+00
-1.479549800000000026e+00	3.222055699999999856e+00
-1.478384900000000002e+00	3.233361100000000210e+00
-1.477343199999999968e+00	3.210750099999999829e+00
-1.476362500000000022e+00	3.199444699999999919e+00
-1.475202899999999984e+00	3.142917500000000253e+00
-1.473868699999999921e+00	3.222055699999999856e+00
-1.472619399999999912e+00	3.222055699999999856e+00
-1.471540099999999907e+00	3.199444699999999919e+00
-1.470502200000000093e+00	3.244666499999999676e+00
-1.469356400000000118e+00	3.244666499999999676e+00
-1.468058899999999944e+00	3.222055699999999856e+00
-1.466806199999999949e+00	3.222055699999999856e+00
-1.465835299999999952e+00	3.210750099999999829e+00
-1.465011999999999981e+00	3.188139300000000009e+00
-1.463994299999999971e+00	3.244666499999999676e+00
-1.462772500000000031e+00	3.267277599999999893e+00
-1.461626700000000056e+00	3.278583000000000247e+00
-1.460629300000000130e+00	3.289888400000000157e+00
-1.459575400000000078e+00	3.346415799999999940e+00
-1.458357699999999868e+00	3.312499400000000094e+00
-1.457099600000000050e+00	3.323804800000000004e+00
-1.455932400000000015e+00	3.312499400000000094e+00
-1.454844299999999979e+00	3.244666499999999676e+00
-1.453740200000000149e+00	3.278583000000000247e+00
-1.452579899999999924e+00	3.278583000000000247e+00
-1.451430299999999951e+00	3.323804800000000004e+00
-1.450383599999999884e+00	3.267277599999999893e+00
-1.449447399999999941e+00	3.278583000000000247e+00
-1.448471300000000017e+00	3.233361100000000210e+00
-1.447315099999999966e+00	3.255972199999999983e+00
-1.446084499999999995e+00	3.244666499999999676e+00
-1.444952400000000026e+00	3.312499400000000094e+00
-1.443868099999999988e+00	3.312499400000000094e+00
-1.442656399999999950e+00	3.267277599999999893e+00
-1.441290100000000018e+00	3.289888400000000157e+00
-1.439935399999999976e+00	3.244666499999999676e+00
-1.438746800000000103e+00	3.289888400000000157e+00
-1.437720899999999968e+00	3.289888400000000157e+00
-1.436757099999999898e+00	3.267277599999999893e+00
-1.435734199999999960e+00	3.267277599999999893e+00
-1.434572599999999865e+00	3.244666499999999676e+00
-1.433320199999999822e+00	3.244666499999999676e+00
-1.432101700000000033e+00	3.255972199999999983e+00
-1.430999400000000144e+00	3.222055699999999856e+00
-1.429974499999999926e+00	3.199444699999999919e+00
-1.428892300000000004e+00	3.233361100000000210e+00
-1.427688499999999916e+00	3.210750099999999829e+00
-1.426446099999999939e+00	3.233361100000000210e+00
-1.425277800000000150e+00	3.222055699999999856e+00
-1.424200700000000097e+00	3.323804800000000004e+00
-1.423177300000000089e+00	3.323804800000000004e+00
-1.422170600000000062e+00	3.278583000000000247e+00
-1.421095599999999903e+00	3.278583000000000247e+00
-1.419864200000000132e+00	3.301193999999999740e+00
-1.418542999999999887e+00	3.278583000000000247e+00
-1.417366299999999857e+00	3.222055699999999856e+00
-1.416421799999999953e+00	3.323804800000000004e+00
-1.415471599999999830e+00	3.244666499999999676e+00
-1.414351299999999867e+00	3.323804800000000004e+00
-1.413193900000000003e+00	3.335110200000000358e+00
-1.412103999999999804e+00	3.335110200000000358e+00
-1.411004900000000006e+00	3.369026600000000204e+00
-1.409844199999999992e+00	3.391637600000000141e+00
-1.408679299999999968e+00	3.323804800000000004e+00
-1.407555299999999843e+00	3.335110200000000358e+00
-1.406439900000000076e+00	3.301193999999999740e+00
-1.405252199999999840e+00	3.301193999999999740e+00
-1.403977400000000042e+00	3.357721199999999850e+00
-1.402738899999999900e+00	3.357721199999999850e+00
-1.401639499999999927e+00	3.312499400000000094e+00
-1.400617199999999896e+00	3.301193999999999740e+00
-1.399563399999999902e+00	3.335110200000000358e+00
-1.398452500000000098e+00	3.335110200000000358e+00
-1.397270500000000082e+00	3.323804800000000004e+00
-1.396056599999999870e+00	3.289888400000000157e+00
-1.394921800000000101e+00	3.312499400000000094e+00
-1.393797300000000128e+00	3.380331999999999670e+00
-1.392558699999999927e+00	3.369026600000000204e+00
-1.391343699999999961e+00	3.380331999999999670e+00
-1.390252200000000160e+00	3.369026600000000204e+00
-1.389131700000000080e+00	3.335110200000000358e+00
-1.387963199999999953e+00	3.335110200000000358e+00
-1.386890100000000015e+00	3.323804800000000004e+00
-1.385864399999999996e+00	3.323804800000000004e+00
-1.384741400000000011e+00	3.301193999999999740e+00
-1.383565399999999945e+00	3.289888400000000157e+00
-1.382425599999999921e+00	3.335110200000000358e+00
-1.381250499999999937e+00	3.346415799999999940e+00
-1.380028800000000055e+00	3.346415799999999940e+00
-1.378908899999999882e+00	3.335110200000000358e+00
-1.377912699999999990e+00	3.278583000000000247e+00
-1.376861099999999949e+00	3.323804800000000004e+00
-1.375624199999999853e+00	3.323804800000000004e+00
-1.374314499999999883e+00	3.369026600000000204e+00
-1.373139200000000004e+00	3.335110200000000358e+00
-1.372101600000000143e+00	3.369026600000000204e+00
-1.371017600000000058e+00	3.369026600000000204e+00
-1.369807500000000067e+00	3.323804800000000004e+00
-1.368578500000000142e+00	3.278583000000000247e+00
-1.367399400000000043e+00	3.301193999999999740e+00
-1.366233600000000159e+00	3.335110200000000358e+00
-1.365060899999999799e+00	3.335110200000000358e+00
-1.363882199999999933e+00	3.335110200000000358e+00
-1.362714100000000039e+00	3.357721199999999850e+00
-1.361571499999999935e+00	3.312499400000000094e+00
-1.360445099999999963e+00	3.369026600000000204e+00
-1.359351600000000104e+00	3.323804800000000004e+00
-1.358261699999999905e+00	3.323804800000000004e+00
-1.357087699999999897e+00	3.278583000000000247e+00
-1.355863899999999900e+00	3.312499400000000094e+00
-1.354686000000000057e+00	3.346415799999999940e+00
-1.353540900000000047e+00	3.346415799999999940e+00
-1.352392500000000108e+00	3.323804800000000004e+00
-1.351293199999999972e+00	3.323804800000000004e+00
-1.350271100000000057e+00	3.335110200000000358e+00
-1.349195300000000097e+00	3.323804800000000004e+00
-1.347958699999999954e+00	3.278583000000000247e+00
-1.346667400000000070e+00	3.312499400000000094e+00
-1.345479599999999998e+00	3.255972199999999983e+00
-1.344392599999999938e+00	3.301193999999999740e+00
-1.343295099999999964e+00	3.323804800000000004e+00
-1.342144099999999840e+00	3.312499400000000094e+00
-1.340992200000000079e+00	3.346415799999999940e+00
-1.339882400000000029e+00	3.346415799999999940e+00
-1.338751299999999977e+00	3.301193999999999740e+00
-1.337566600000000161e+00	3.267277599999999893e+00
-1.336494100000000129e+00	3.301193999999999740e+00
-1.335596400000000017e+00	3.346415799999999940e+00
-1.334611099999999828e+00	3.323804800000000004e+00
-1.333358800000000066e+00	3.289888400000000157e+00
-1.331989300000000043e+00	3.301193999999999740e+00
-1.330695700000000148e+00	3.289888400000000157e+00
-1.329521399999999964e+00	3.335110200000000358e+00
-1.328418100000000157e+00	3.301193999999999740e+00
-1.327323400000000042e+00	3.267277599999999893e+00
-1.326170300000000024e+00	3.278583000000000247e+00
-1.324931599999999987e+00	3.267277599999999893e+00
-1.323732699999999873e+00	3.289888400000000157e+00
-1.322667000000000037e+00	3.312499400000000094e+00
-1.321606800000000081e+00	3.312499400000000094e+00
-1.320485400000000142e+00	3.312499400000000094e+00
-1.319401700000000011e+00	3.233361100000000210e+00
-1.318347500000000005e+00	3.210750099999999829e+00
-1.317199000000000009e+00	3.210750099999999829e+00
-1.315944699999999967e+00	3.289888400000000157e+00
-1.314731700000000059e+00	3.369026600000000204e+00
-1.313641400000000070e+00	3.312499400000000094e+00
-1.312527499999999847e+00	3.312499400000000094e+00
-1.311287100000000150e+00	3.289888400000000157e+00
-1.310044399999999998e+00	3.301193999999999740e+00
-1.308882900000000182e+00	3.323804800000000004e+00
-1.307756599999999825e+00	3.278583000000000247e+00
-1.306629000000000040e+00	3.335110200000000358e+00
-1.305487300000000017e+00	3.323804800000000004e+00
-1.304321800000000087e+00	3.335110200000000358e+00
-1.303178999999999865e+00	3.289888400000000157e+00
-1.302128799999999975e+00	3.278583000000000247e+00
-1.301075800000000005e+00	3.289888400000000157e+00
-1.299909599999999887e+00	3.323804800000000004e+00
-1.298730699999999905e+00	3.289888400000000157e+00
-1.297594299999999867e+00	3.244666499999999676e+00
-1.296404999999999808e+00	3.278583000000000247e+00
-1.295157099999999950e+00	3.357721199999999850e+00
-1.293970999999999982e+00	3.357721199999999850e+00
-1.292887600000000026e+00	3.289888400000000157e+00
-1.291807300000000103e+00	3.289888400000000157e+00
-1.290643700000000171e+00	3.312499400000000094e+00
-1.289391500000000024e+00	3.346415799999999940e+00
-1.288133700000000159e+00	3.312499400000000094e+00
-1.286952099999999932e+00	3.346415799999999940e+00
-1.285814499999999860e+00	3.312499400000000094e+00
-1.284694600000000131e+00	3.289888400000000157e+00
-1.283595999999999959e+00	3.255972199999999983e+00
-1.282449700000000137e+00	3.244666499999999676e+00
-1.281228600000000162e+00	3.222055699999999856e+00
-1.280032599999999965e+00	3.267277599999999893e+00
-1.278903499999999971e+00	3.335110200000000358e+00
-1.277754599999999963e+00	3.301193999999999740e+00
-1.276572899999999899e+00	3.289888400000000157e+00
-1.275448200000000032e+00	3.312499400000000094e+00
-1.274327599999999894e+00	3.357721199999999850e+00
-1.273086200000000057e+00	3.357721199999999850e+00
-1.271821900000000172e+00	3.346415799999999940e+00
-1.270679799999999915e+00	3.335110200000000358e+00
-1.269559099999999940e+00	3.301193999999999740e+00
-1.268308600000000119e+00	3.289888400000000157e+00
-1.267021799999999976e+00	3.323804800000000004e+00
-1.265884999999999927e+00	3.267277599999999893e+00
-1.264863200000000187e+00	3.255972199999999983e+00
-1.263849800000000023e+00	3.289888400000000157e+00
-1.262844100000000136e+00	3.289888400000000157e+00
-1.261744399999999988e+00	3.335110200000000358e+00
-1.260449600000000059e+00	3.335110200000000358e+00
-1.259156100000000000e+00	3.323804800000000004e+00
-1.258028799999999947e+00	3.346415799999999940e+00
-1.256862600000000052e+00	3.312499400000000094e+00
-1.255526099999999978e+00	3.346415799999999940e+00
-1.254259999999999931e+00	3.357721199999999850e+00
-1.253226200000000068e+00	3.278583000000000247e+00
-1.252204800000000118e+00	3.323804800000000004e+00
-1.250946600000000020e+00	3.357721199999999850e+00
-1.249600000000000044e+00	3.312499400000000094e+00
-1.248466599999999982e+00	3.346415799999999940e+00
-1.247477500000000017e+00	3.301193999999999740e+00
-1.246336099999999947e+00	3.210750099999999829e+00
-1.245025599999999955e+00	3.233361100000000210e+00
-1.243806100000000026e+00	3.335110200000000358e+00
-1.242717999999999989e+00	3.289888400000000157e+00
-1.241534699999999880e+00	3.255972199999999983e+00
-1.240241099999999985e+00	3.380331999999999670e+00
-1.239019900000000174e+00	3.335110200000000358e+00
-1.237916199999999911e+00	3.323804800000000004e+00
-1.236839599999999928e+00	3.289888400000000157e+00
-1.235674300000000114e+00	3.301193999999999740e+00
-1.234392799999999957e+00	3.346415799999999940e+00
-1.233157000000000059e+00	3.357721199999999850e+00
-1.232109300000000074e+00	3.323804800000000004e+00
-1.231125000000000025e+00	3.278583000000000247e+00
-1.230013099999999859e+00	3.267277599999999893e+00
-1.228784600000000005e+00	3.312499400000000094e+00
-1.227579799999999999e+00	3.335110200000000358e+00
-1.226479800000000120e+00	3.289888400000000157e+00
-1.225445899999999977e+00	3.357721199999999850e+00
-1.224391800000000030e+00	3.346415799999999940e+00
-1.223233499999999863e+00	3.335110200000000358e+00
-1.221958900000000181e+00	3.335110200000000358e+00
-1.220694700000000132e+00	3.369026600000000204e+00
-1.219567599999999974e+00	3.425553799999999871e+00
-1.218558599999999936e+00	3.391637600000000141e+00
-1.217515899999999984e+00	3.402943000000000051e+00
-1.216332600000000097e+00	3.369026600000000204e+00
-1.215124300000000046e+00	3.312499400000000094e+00
-1.214004899999999942e+00	3.312499400000000094e+00
-1.212854000000000099e+00	3.391637600000000141e+00
-1.211536900000000028e+00	3.414248400000000405e+00
-1.210160799999999925e+00	3.402943000000000051e+00
-1.208975399999999922e+00	3.369026600000000204e+00
-1.208045000000000035e+00	3.312499400000000094e+00
-1.207148899999999969e+00	3.335110200000000358e+00
-1.206035700000000155e+00	3.357721199999999850e+00
-1.204676000000000080e+00	3.301193999999999740e+00
-1.203298599999999885e+00	3.301193999999999740e+00
-1.202130000000000143e+00	3.301193999999999740e+00
-1.201099099999999975e+00	3.402943000000000051e+00
-1.199980899999999906e+00	3.357721199999999850e+00
-1.198752200000000157e+00	3.357721199999999850e+00
-1.197601499999999985e+00	3.369026600000000204e+00
-1.196549000000000085e+00	3.402943000000000051e+00
-1.195350600000000041e+00	3.425553799999999871e+00
-1.193979200000000018e+00	3.414248400000000405e+00
-1.192682400000000031e+00	3.448164900000000088e+00
-1.191542199999999996e+00	3.459470299999999998e+00
-1.190490600000000176e+00	3.482081299999999935e+00
-1.189460799999999985e+00	3.425553799999999871e+00
-1.188320299999999996e+00	3.470775700000000352e+00
-1.187005399999999877e+00	3.425553799999999871e+00
-1.185692400000000202e+00	3.459470299999999998e+00
-1.184574099999999852e+00	3.425553799999999871e+00
-1.183548600000000173e+00	3.425553799999999871e+00
-1.182387599999999983e+00	3.470775700000000352e+00
-1.181090299999999926e+00	3.369026600000000204e+00
-1.179821500000000079e+00	3.301193999999999740e+00
-1.178658500000000053e+00	3.323804800000000004e+00
-1.177555099999999966e+00	3.380331999999999670e+00
-1.176452999999999971e+00	3.312499400000000094e+00
-1.175323200000000012e+00	3.357721199999999850e+00
-1.174117100000000136e+00	3.301193999999999740e+00
-1.172829200000000016e+00	3.312499400000000094e+00
-1.171601899999999974e+00	3.357721199999999850e+00
-1.170503800000000094e+00	3.346415799999999940e+00
-1.169353800000000110e+00	3.335110200000000358e+00
-1.168065899999999990e+00	3.346415799999999940e+00
-1.166806699999999974e+00	3.369026600000000204e+00
-1.165702200000000133e+00	3.346415799999999940e+00
-1.164701899999999846e+00	3.391637600000000141e+00
-1.163662200000000091e+00	3.402943000000000051e+00
-1.162513399999999919e+00	3.380331999999999670e+00
-1.161288499999999946e+00	3.425553799999999871e+00
-1.160008999999999846e+00	3.436859499999999734e+00
-1.158738400000000057e+00	3.470775700000000352e+00
-1.157541200000000048e+00	3.425553799999999871e+00
-1.156379400000000057e+00	3.391637600000000141e+00
-1.155259500000000106e+00	3.414248400000000405e+00
-1.154197799999999940e+00	3.380331999999999670e+00
-1.153086099999999892e+00	3.346415799999999940e+00
-1.151886699999999930e+00	3.357721199999999850e+00
-1.150674699999999939e+00	3.391637600000000141e+00
-1.149473900000000048e+00	3.346415799999999940e+00
-1.148313600000000045e+00	3.369026600000000204e+00
-1.147166499999999978e+00	3.380331999999999670e+00
-1.145915100000000075e+00	3.425553799999999871e+00
-1.144632499999999942e+00	3.391637600000000141e+00
-1.143475299999999972e+00	3.391637600000000141e+00
-1.142384099999999902e+00	3.402943000000000051e+00
-1.141266700000000078e+00	3.425553799999999871e+00
-1.140107800000000005e+00	3.380331999999999670e+00
-1.138861099999999960e+00	3.369026600000000204e+00
-1.137538299999999891e+00	3.425553799999999871e+00
-1.136248799999999948e+00	3.425553799999999871e+00
-1.135062299999999968e+00	3.391637600000000141e+00
-1.133928200000000164e+00	3.346415799999999940e+00
-1.132768800000000020e+00	3.391637600000000141e+00
-1.131590799999999897e+00	3.425553799999999871e+00
-1.130410400000000148e+00	3.380331999999999670e+00
-1.129206299999999885e+00	3.323804800000000004e+00
-1.127979800000000088e+00	3.369026600000000204e+00
-1.126750700000000105e+00	3.357721199999999850e+00
-1.125549499999999981e+00	3.391637600000000141e+00
-1.124380200000000052e+00	3.369026600000000204e+00
-1.123220000000000107e+00	3.391637600000000141e+00
-1.122081200000000001e+00	3.402943000000000051e+00
-1.120917900000000023e+00	3.369026600000000204e+00
-1.119703299999999846e+00	3.369026600000000204e+00
-1.118570599999999970e+00	3.357721199999999850e+00
-1.117569999999999952e+00	3.346415799999999940e+00
-1.116577799999999954e+00	3.312499400000000094e+00
-1.115504599999999957e+00	3.380331999999999670e+00
-1.114313900000000190e+00	3.312499400000000094e+00
-1.113008600000000126e+00	3.346415799999999940e+00
-1.111694200000000077e+00	3.380331999999999670e+00
-1.110497599999999974e+00	3.391637600000000141e+00
-1.109413899999999842e+00	3.425553799999999871e+00
-1.108298299999999958e+00	3.414248400000000405e+00
-1.107070400000000010e+00	3.402943000000000051e+00
-1.105766400000000038e+00	3.448164900000000088e+00
-1.104404000000000163e+00	3.448164900000000088e+00
-1.103090700000000091e+00	3.380331999999999670e+00
-1.101950100000000043e+00	3.380331999999999670e+00
-1.100855200000000034e+00	3.402943000000000051e+00
-1.099674800000000063e+00	3.414248400000000405e+00
-1.098502599999999996e+00	3.391637600000000141e+00
-1.097367900000000063e+00	3.459470299999999998e+00
-1.096174999999999899e+00	3.402943000000000051e+00
-1.094954999999999901e+00	3.448164900000000088e+00
-1.093784900000000171e+00	3.448164900000000088e+00
-1.092638500000000068e+00	3.436859499999999734e+00
-1.091503600000000018e+00	3.459470299999999998e+00
-1.090367300000000039e+00	3.402943000000000051e+00
-1.089159699999999953e+00	3.391637600000000141e+00
-1.087904900000000064e+00	3.425553799999999871e+00
-1.086664700000000039e+00	3.414248400000000405e+00
-1.085405900000000035e+00	3.425553799999999871e+00
-1.084158600000000083e+00	3.414248400000000405e+00
-1.083012599999999992e+00	3.402943000000000051e+00
-1.081928199999999896e+00	3.357721199999999850e+00
-1.080784299999999920e+00	3.357721199999999850e+00
-1.079545399999999988e+00	3.425553799999999871e+00
-1.078312399999999949e+00	3.436859499999999734e+00
-1.077197100000000018e+00	3.369026600000000204e+00
-1.076139900000000038e+00	3.402943000000000051e+00
-1.074980599999999953e+00	3.448164900000000088e+00
-1.073710599999999848e+00	3.448164900000000088e+00
-1.072420099999999987e+00	3.515997499999999665e+00
-1.071130600000000044e+00	3.482081299999999935e+00
-1.069898800000000039e+00	3.470775700000000352e+00
-1.068786699999999978e+00	3.436859499999999734e+00
-1.067713400000000146e+00	3.470775700000000352e+00
-1.066559999999999953e+00	3.515997499999999665e+00
-1.065291600000000116e+00	3.436859499999999734e+00
-1.063959899999999958e+00	3.459470299999999998e+00
-1.062646600000000108e+00	3.459470299999999998e+00
-1.061393800000000054e+00	3.482081299999999935e+00
-1.060192999999999941e+00	3.493386699999999845e+00
-1.059004499999999904e+00	3.425553799999999871e+00
-1.057872200000000040e+00	3.425553799999999871e+00
-1.056860499999999981e+00	3.448164900000000088e+00
-1.055790000000000006e+00	3.515997499999999665e+00
-1.054512200000000011e+00	3.448164900000000088e+00
-1.053222600000000009e+00	3.448164900000000088e+00
-1.052091899999999969e+00	3.402943000000000051e+00
-1.051021200000000100e+00	3.436859499999999734e+00
-1.049825100000000067e+00	3.414248400000000405e+00
-1.048474800000000151e+00	3.470775700000000352e+00
-1.047163700000000031e+00	3.459470299999999998e+00
-1.046033400000000002e+00	3.436859499999999734e+00
-1.044946500000000000e+00	3.459470299999999998e+00
-1.043724000000000096e+00	3.380331999999999670e+00
-1.042451899999999876e+00	3.402943000000000051e+00
-1.041292999999999802e+00	3.425553799999999871e+00
-1.040206500000000034e+00	3.448164900000000088e+00
-1.039057000000000119e+00	3.425553799999999871e+00
-1.037823799999999963e+00	3.470775700000000352e+00
-1.036609399999999903e+00	3.515997499999999665e+00
-1.035436600000000151e+00	3.470775700000000352e+00
-1.034233300000000133e+00	3.470775700000000352e+00
-1.033031299999999986e+00	3.493386699999999845e+00
-1.031862300000000010e+00	3.459470299999999998e+00
-1.030624800000000008e+00	3.470775700000000352e+00
-1.029314700000000027e+00	3.515997499999999665e+00
-1.028072899999999956e+00	3.414248400000000405e+00
-1.026891899999999858e+00	3.391637600000000141e+00
-1.025645399999999929e+00	3.470775700000000352e+00
-1.024373099999999814e+00	3.402943000000000051e+00
-1.023181800000000141e+00	3.301193999999999740e+00
-1.022015800000000141e+00	3.414248400000000405e+00
-1.020781600000000067e+00	3.402943000000000051e+00
-1.019548899999999980e+00	3.436859499999999734e+00
-1.018450300000000031e+00	3.504692100000000199e+00
-1.017453500000000011e+00	3.436859499999999734e+00
-1.016414799999999952e+00	3.493386699999999845e+00
-1.015282000000000018e+00	3.493386699999999845e+00
-1.014105400000000046e+00	3.470775700000000352e+00
-1.012901599999999958e+00	3.459470299999999998e+00
-1.011619700000000011e+00	3.482081299999999935e+00
-1.010311799999999982e+00	3.448164900000000088e+00
-1.009139400000000020e+00	3.391637600000000141e+00
-1.008088799999999896e+00	3.414248400000000405e+00
-1.006949199999999989e+00	3.402943000000000051e+00
-1.005638299999999985e+00	3.380331999999999670e+00
-1.004319200000000079e+00	3.448164900000000088e+00
-1.003126399999999974e+00	3.493386699999999845e+00
-1.001983300000000021e+00	3.425553799999999871e+00
-1.000795999999999797e+00	3.448164900000000088e+00
-9.996198300000000980e-01	3.470775700000000352e+00
-9.984852300000000014e-01	3.470775700000000352e+00
-9.972916399999999237e-01	3.414248400000000405e+00
-9.959890100000000634e-01	3.402943000000000051e+00
-9.946687699999999799e-01	3.414248400000000405e+00
-9.934464100000001130e-01	3.448164900000000088e+00
-9.923216999999999732e-01	3.493386699999999845e+00
-9.911827899999999802e-01	3.470775700000000352e+00
-9.899576999999999405e-01	3.436859499999999734e+00
-9.887113499999999888e-01	3.402943000000000051e+00
-9.875235499999999167e-01	3.470775700000000352e+00
-9.863355200000001322e-01	3.482081299999999935e+00
-9.850992900000000718e-01	3.448164900000000088e+00
-9.839006900000000222e-01	3.515997499999999665e+00
-9.827565500000000620e-01	3.538608500000000046e+00
-9.815721600000000269e-01	3.448164900000000088e+00
-9.803274000000000710e-01	3.425553799999999871e+00
-9.790951500000000252e-01	3.436859499999999734e+00
-9.779072299999999052e-01	3.436859499999999734e+00
-9.766891900000000959e-01	3.414248400000000405e+00
-9.754154499999999617e-01	3.448164900000000088e+00
-9.742357199999999162e-01	3.436859499999999734e+00
-9.732039000000000106e-01	3.414248400000000405e+00
-9.721140900000000418e-01	3.380331999999999670e+00
-9.708636499999999669e-01	3.414248400000000405e+00
-9.695769399999999427e-01	3.414248400000000405e+00
-9.683464000000000516e-01	3.380331999999999670e+00
-9.671750800000000758e-01	3.402943000000000051e+00
-9.659959200000000079e-01	3.323804800000000004e+00
-9.647267200000000376e-01	3.335110200000000358e+00
-9.634003399999999662e-01	3.357721199999999850e+00
-9.621303399999999728e-01	3.414248400000000405e+00
-9.609659600000000079e-01	3.436859499999999734e+00
-9.598214800000001157e-01	3.436859499999999734e+00
-9.586174199999999423e-01	3.402943000000000051e+00
-9.573938099999999007e-01	3.380331999999999670e+00
-9.562121500000000385e-01	3.357721199999999850e+00
-9.550739200000000206e-01	3.402943000000000051e+00
-9.539089699999999672e-01	3.335110200000000358e+00
-9.526736399999999882e-01	3.346415799999999940e+00
-9.513995600000000330e-01	3.380331999999999670e+00
-9.501164899999999802e-01	3.357721199999999850e+00
-9.489034499999999817e-01	3.391637600000000141e+00
-9.477962500000000068e-01	3.414248400000000405e+00
-9.466435799999999290e-01	3.425553799999999871e+00
-9.453615300000000055e-01	3.391637600000000141e+00
-9.440843799999999453e-01	3.369026600000000204e+00
-9.429241999999999901e-01	3.414248400000000405e+00
-9.417995000000000116e-01	3.414248400000000405e+00
-9.405681599999999865e-01	3.414248400000000405e+00
-9.392737199999999786e-01	3.402943000000000051e+00
-9.380863699999999472e-01	3.380331999999999670e+00
-9.369927100000000619e-01	3.402943000000000051e+00
-9.358169600000000310e-01	3.391637600000000141e+00
-9.345369600000000831e-01	3.357721199999999850e+00
-9.332704800000000134e-01	3.369026600000000204e+00
-9.320358499999999990e-01	3.369026600000000204e+00
-9.307807399999999953e-01	3.414248400000000405e+00
-9.295413299999999435e-01	3.380331999999999670e+00
-9.284020699999999682e-01	3.346415799999999940e+00
-9.273188700000000173e-01	3.357721199999999850e+00
-9.261727899999999680e-01	3.346415799999999940e+00
-9.249570200000000186e-01	3.312499400000000094e+00
-9.236872499999999597e-01	3.289888400000000157e+00
-9.223260800000000481e-01	3.335110200000000358e+00
-9.209511499999999407e-01	3.278583000000000247e+00
-9.197011699999999568e-01	3.301193999999999740e+00
-9.185530400000000428e-01	3.301193999999999740e+00
-9.173909300000000488e-01	3.335110200000000358e+00
-9.161752800000000363e-01	3.312499400000000094e+00
-9.149663399999999891e-01	3.335110200000000358e+00
-9.138456099999999749e-01	3.335110200000000358e+00
-9.127670599999999634e-01	3.312499400000000094e+00
-9.115881300000000520e-01	3.380331999999999670e+00
-9.102527699999999333e-01	3.402943000000000051e+00
-9.088429399999999880e-01	3.448164900000000088e+00
-9.075346300000000088e-01	3.391637600000000141e+00
-9.064312999999999398e-01	3.357721199999999850e+00
-9.053873099999999452e-01	3.380331999999999670e+00
-9.041967800000000333e-01	3.312499400000000094e+00
-9.029063200000000400e-01	3.301193999999999740e+00
-9.017254599999999787e-01	3.369026600000000204e+00
-9.006563499999999944e-01	3.380331999999999670e+00
-8.994970800000000599e-01	3.335110200000000358e+00
-8.982245800000000502e-01	3.414248400000000405e+00
-8.969493599999999178e-01	3.369026600000000204e+00
-8.956585599999999925e-01	3.369026600000000204e+00
-8.943718499999999683e-01	3.369026600000000204e+00
-8.931978099999999809e-01	3.346415799999999940e+00
-8.921225600000000089e-01	3.357721199999999850e+00
-8.909615900000000810e-01	3.391637600000000141e+00
-8.896253100000000025e-01	3.346415799999999940e+00
-8.882988099999999942e-01	3.335110200000000358e+00
-8.870772500000000393e-01	3.335110200000000358e+00
-8.858308999999999767e-01	3.357721199999999850e+00
-8.845971699999999327e-01	3.380331999999999670e+00
-8.834908800000000895e-01	3.301193999999999740e+00
-8.823797100000000393e-01	3.278583000000000247e+00
-8.810799299999999556e-01	3.289888400000000157e+00
-8.796522500000000244e-01	3.346415799999999940e+00
-8.783710000000000129e-01	3.301193999999999740e+00
-8.773507699999999465e-01	3.255972199999999983e+00
-8.763159899999999336e-01	3.289888400000000157e+00
-8.750521399999999783e-01	3.244666499999999676e+00
-8.737534899999999105e-01	3.289888400000000157e+00
-8.725611500000000076e-01	3.369026600000000204e+00
-8.713178700000000498e-01	3.278583000000000247e+00
-8.699871600000000926e-01	3.278583000000000247e+00
-8.687122800000000034e-01	3.312499400000000094e+00
-8.675069699999999884e-01	3.323804800000000004e+00
-8.663021200000000643e-01	3.335110200000000358e+00
-8.650938500000000531e-01	3.335110200000000358e+00
-8.638717200000000096e-01	3.323804800000000004e+00
-8.625963800000000514e-01	3.312499400000000094e+00
-8.613047799999999921e-01	3.357721199999999850e+00
-8.601222099999999982e-01	3.380331999999999670e+00
-8.590956199999999487e-01	3.391637600000000141e+00
-8.580672100000000802e-01	3.369026600000000204e+00
-8.568877099999999691e-01	3.402943000000000051e+00
-8.556320399999999271e-01	3.369026600000000204e+00
-8.543752299999999300e-01	3.357721199999999850e+00
-8.530696499999999016e-01	3.380331999999999670e+00
-8.517496299999999243e-01	3.369026600000000204e+00
-8.504931700000000205e-01	3.402943000000000051e+00
-8.492977499999999624e-01	3.335110200000000358e+00
-8.481430300000000200e-01	3.289888400000000157e+00
-8.470095699999999894e-01	3.301193999999999740e+00
-8.458434900000000312e-01	3.357721199999999850e+00
-8.445900899999999600e-01	3.323804800000000004e+00
-8.433094099999999260e-01	3.402943000000000051e+00
-8.420813600000000010e-01	3.414248400000000405e+00
-8.408375200000000049e-01	3.380331999999999670e+00
-8.395722899999999989e-01	3.323804800000000004e+00
-8.384300800000000775e-01	3.323804800000000004e+00
-8.373805300000000118e-01	3.391637600000000141e+00
-8.362063699999999766e-01	3.335110200000000358e+00
-8.348482700000000589e-01	3.346415799999999940e+00
-8.334624200000000371e-01	3.369026600000000204e+00
-8.321726500000000692e-01	3.346415799999999940e+00
-8.309151599999999860e-01	3.323804800000000004e+00
-8.296035500000000784e-01	3.312499400000000094e+00
-8.283146799999999699e-01	3.346415799999999940e+00
-8.271214300000000463e-01	3.357721199999999850e+00
-8.259802400000000322e-01	3.346415799999999940e+00
-8.248564400000000241e-01	3.414248400000000405e+00
-8.237477699999999903e-01	3.402943000000000051e+00
-8.225917999999999841e-01	3.402943000000000051e+00
-8.213003199999999726e-01	3.380331999999999670e+00
-8.199693900000000202e-01	3.369026600000000204e+00
-8.187724900000000750e-01	3.391637600000000141e+00
-8.176616599999999568e-01	3.402943000000000051e+00
-8.164844300000000388e-01	3.402943000000000051e+00
-8.152029499999999818e-01	3.357721199999999850e+00
-8.139256799999999847e-01	3.380331999999999670e+00
-8.127715300000000198e-01	3.380331999999999670e+00
-8.116574000000000844e-01	3.391637600000000141e+00
-8.104211700000000240e-01	3.414248400000000405e+00
-8.090786400000000711e-01	3.369026600000000204e+00
-8.077812500000000062e-01	3.357721199999999850e+00
-8.066194799999999443e-01	3.346415799999999940e+00
-8.054902299999999737e-01	3.369026600000000204e+00
-8.042457000000000633e-01	3.380331999999999670e+00
-8.029459199999999797e-01	3.357721199999999850e+00
-8.017320900000000083e-01	3.312499400000000094e+00
-8.005935100000000082e-01	3.323804800000000004e+00
-7.994323100000000348e-01	3.278583000000000247e+00
-7.981636800000000420e-01	3.278583000000000247e+00
-7.967740899999999904e-01	3.278583000000000247e+00
-7.954272399999999799e-01	3.278583000000000247e+00
-7.942938999999999972e-01	3.278583000000000247e+00
-7.932526400000000644e-01	3.301193999999999740e+00
-7.920559699999999426e-01	3.357721199999999850e+00
-7.906991199999999775e-01	3.323804800000000004e+00
-7.893678499999999820e-01	3.335110200000000358e+00
-7.881256999999999291e-01	3.335110200000000358e+00
-7.868864000000000969e-01	3.346415799999999940e+00
-7.856115200000000076e-01	3.312499400000000094e+00
-7.843455000000000288e-01	3.335110200000000358e+00
-7.831424699999999239e-01	3.346415799999999940e+00
-7.819999200000000705e-01	3.346415799999999940e+00
-7.808599800000000091e-01	3.346415799999999940e+00
-7.796822999999999393e-01	3.357721199999999850e+00
-7.784299199999999974e-01	3.335110200000000358e+00
-7.770856900000000511e-01	3.346415799999999940e+00
-7.757564599999999810e-01	3.346415799999999940e+00
-7.745610400000000340e-01	3.301193999999999740e+00
-7.733938200000000096e-01	3.323804800000000004e+00
-7.721489499999999451e-01	3.335110200000000358e+00
-7.709857100000000463e-01	3.335110200000000358e+00
-7.698995399999999378e-01	3.380331999999999670e+00
-7.686104500000000561e-01	3.312499400000000094e+00
-7.671563900000000213e-01	3.289888400000000157e+00
-7.658441099999999668e-01	3.289888400000000157e+00
-7.646755199999999419e-01	3.301193999999999740e+00
-7.634222399999999187e-01	3.323804800000000004e+00
-7.620450300000000121e-01	3.312499400000000094e+00
-7.607128499999999960e-01	3.267277599999999893e+00
-7.595441499999999735e-01	3.301193999999999740e+00
-7.584150100000000005e-01	3.301193999999999740e+00
-7.571455900000000350e-01	3.301193999999999740e+00
-7.558417100000000000e-01	3.301193999999999740e+00
-7.547011999999999610e-01	3.323804800000000004e+00
-7.536333400000000404e-01	3.323804800000000004e+00
-7.524025699999999928e-01	3.312499400000000094e+00
-7.509853499999999960e-01	3.335110200000000358e+00
-7.496211099999999794e-01	3.346415799999999940e+00
-7.484627499999999545e-01	3.335110200000000358e+00
-7.473336200000000318e-01	3.335110200000000358e+00
-7.460886300000000304e-01	3.301193999999999740e+00
-7.448265900000000661e-01	3.346415799999999940e+00
-7.435646700000000386e-01	3.312499400000000094e+00
-7.422611399999999859e-01	3.244666499999999676e+00
-7.410098999999999991e-01	3.289888400000000157e+00
-7.398318799999999973e-01	3.301193999999999740e+00
-7.386461200000000726e-01	3.312499400000000094e+00
-7.374523000000000605e-01	3.244666499999999676e+00
-7.362839399999999701e-01	3.267277599999999893e+00
-7.351405899999999827e-01	3.312499400000000094e+00
-7.340117899999999418e-01	3.289888400000000157e+00
-7.328341099999999830e-01	3.222055699999999856e+00
-7.314930600000000283e-01	3.244666499999999676e+00
-7.300230899999999856e-01	3.278583000000000247e+00
-7.286931800000000514e-01	3.222055699999999856e+00
-7.276360099999999997e-01	3.199444699999999919e+00
-7.266057799999999789e-01	3.210750099999999829e+00
-7.253539700000000146e-01	3.210750099999999829e+00
-7.239729000000000303e-01	3.199444699999999919e+00
-7.226949499999999471e-01	3.210750099999999829e+00
-7.215348900000000398e-01	3.244666499999999676e+00
-7.203323099999999757e-01	3.199444699999999919e+00
-7.190781199999999318e-01	3.176833900000000099e+00
-7.178641700000000236e-01	3.176833900000000099e+00
-7.165924700000000369e-01	3.222055699999999856e+00
-7.151721800000000462e-01	3.210750099999999829e+00
-7.138220299999999963e-01	3.289888400000000157e+00
-7.127355300000000060e-01	3.222055699999999856e+00
-7.117308799999999547e-01	3.222055699999999856e+00
-7.105648999999999438e-01	3.165528299999999629e+00
-7.092943400000000231e-01	3.199444699999999919e+00
-7.080685700000000082e-01	3.142917500000000253e+00
-7.068605300000000424e-01	3.176833900000000099e+00
-7.056294199999999517e-01	3.210750099999999829e+00
-7.044022800000000473e-01	3.176833900000000099e+00
-7.031181899999999763e-01	3.199444699999999919e+00
-7.017415599999999865e-01	3.165528299999999629e+00
-7.003970900000000555e-01	3.210750099999999829e+00
-6.991598399999999769e-01	3.199444699999999919e+00
-6.979629499999999709e-01	3.233361100000000210e+00
-6.967707100000000153e-01	3.244666499999999676e+00
-6.956136099999999933e-01	3.154222900000000163e+00
-6.944746899999999501e-01	3.176833900000000099e+00
-6.932988300000000326e-01	3.165528299999999629e+00
-6.920916999999999764e-01	3.142917500000000253e+00
-6.908478599999999803e-01	3.131612099999999899e+00
-6.894991900000000395e-01	3.109001099999999962e+00
-6.880935599999999930e-01	3.086390299999999698e+00
-6.867827599999999366e-01	3.142917500000000253e+00
-6.855980199999999192e-01	3.154222900000000163e+00
-6.844131800000000654e-01	3.142917500000000253e+00
-6.831299999999999040e-01	3.142917500000000253e+00
-6.818369199999999575e-01	3.086390299999999698e+00
-6.806429800000000085e-01	3.097695700000000052e+00
-6.794741699999999884e-01	3.120306499999999872e+00
-6.782615900000000808e-01	3.142917500000000253e+00
-6.770836800000000766e-01	3.018557400000000168e+00
-6.759560199999999908e-01	3.007252000000000258e+00
-6.747692400000000479e-01	3.097695700000000052e+00
-6.734837799999999763e-01	3.063779199999999925e+00
-6.721546699999999541e-01	3.018557400000000168e+00
-6.708069099999999230e-01	3.041168400000000105e+00
-6.694948499999999747e-01	3.029862800000000078e+00
-6.683107999999999826e-01	3.052473800000000015e+00
-6.671423300000000056e-01	3.029862800000000078e+00
-6.658152600000000199e-01	3.041168400000000105e+00
-6.644309000000000465e-01	3.041168400000000105e+00
-6.631638600000000494e-01	3.018557400000000168e+00
-6.620023200000000330e-01	2.973335599999999967e+00
-6.608298700000000414e-01	2.962030200000000058e+00
-6.596307000000000142e-01	3.029862800000000078e+00
-6.584681399999999796e-01	2.950724799999999703e+00
-6.572196299999999436e-01	2.973335599999999967e+00
-6.557718300000000555e-01	3.041168400000000105e+00
-6.543356200000000067e-01	3.041168400000000105e+00
-6.530903000000000125e-01	3.097695700000000052e+00
-6.519570700000000274e-01	3.052473800000000015e+00
-6.508668100000000178e-01	2.995946599999999904e+00
-6.497639299999999896e-01	3.063779199999999925e+00
-6.485250900000000263e-01	3.052473800000000015e+00
-6.471427700000000893e-01	3.029862800000000078e+00
-6.457899000000000278e-01	3.052473800000000015e+00
-6.445950499999999472e-01	3.041168400000000105e+00
-6.434188400000000474e-01	2.962030200000000058e+00
-6.420983700000000294e-01	2.973335599999999967e+00
-6.407757399999999270e-01	2.984640999999999877e+00
-6.395495100000000432e-01	3.007252000000000258e+00
-6.382742900000000219e-01	2.995946599999999904e+00
-6.369924700000000328e-01	2.973335599999999967e+00
-6.358575300000000041e-01	3.007252000000000258e+00
-6.347489699999999679e-01	2.984640999999999877e+00
-6.335200200000000725e-01	2.995946599999999904e+00
-6.322617299999999663e-01	2.984640999999999877e+00
-6.310445999999999556e-01	2.962030200000000058e+00
-6.297667599999999810e-01	2.984640999999999877e+00
-6.284418499999999685e-01	3.041168400000000105e+00
-6.272392700000000154e-01	3.007252000000000258e+00
-6.260996800000000473e-01	3.029862800000000078e+00
-6.248509399999999658e-01	3.007252000000000258e+00
-6.235619599999999707e-01	3.007252000000000258e+00
-6.222774099999999198e-01	3.029862800000000078e+00
-6.209082799999999791e-01	2.984640999999999877e+00
-6.195416499999999438e-01	2.928113800000000211e+00
-6.183262300000000877e-01	2.939419200000000121e+00
-6.172427900000000411e-01	2.939419200000000121e+00
-6.161492400000000424e-01	2.995946599999999904e+00
-6.148660500000000528e-01	3.029862800000000078e+00
-6.133992700000000520e-01	2.984640999999999877e+00
-6.119566900000000809e-01	2.962030200000000058e+00
-6.106512300000001003e-01	3.052473800000000015e+00
-6.095193599999999545e-01	3.052473800000000015e+00
-6.085244899999999735e-01	3.086390299999999698e+00
-6.074109300000000156e-01	3.007252000000000258e+00
-6.060653300000000687e-01	3.007252000000000258e+00
-6.047184800000000582e-01	2.984640999999999877e+00
-6.035082800000000081e-01	2.995946599999999904e+00
-6.023581100000000577e-01	2.973335599999999967e+00
-6.012072600000000211e-01	2.984640999999999877e+00
-6.000092299999999490e-01	2.962030200000000058e+00
-5.987513999999999337e-01	2.962030200000000058e+00
-5.975399499999999309e-01	3.018557400000000168e+00
-5.963847799999999477e-01	3.041168400000000105e+00
-5.951016000000000084e-01	3.041168400000000105e+00
-5.936901700000000170e-01	2.984640999999999877e+00
-5.923774299999999826e-01	2.962030200000000058e+00
-5.911580300000000010e-01	3.018557400000000168e+00
-5.898534699999999908e-01	3.052473800000000015e+00
-5.884874100000000441e-01	3.063779199999999925e+00
-5.871706900000001061e-01	2.995946599999999904e+00
-5.859372999999999942e-01	3.007252000000000258e+00
-5.847638200000000452e-01	3.075084599999999835e+00
-5.835327099999999545e-01	2.973335599999999967e+00
-5.822180399999999922e-01	2.973335599999999967e+00
-5.809911300000000223e-01	3.052473800000000015e+00
-5.798567599999999711e-01	3.029862800000000078e+00
-5.786021099999999473e-01	3.029862800000000078e+00
-5.772120600000000268e-01	3.018557400000000168e+00
-5.758725999999999567e-01	3.018557400000000168e+00
-5.746641100000000613e-01	2.984640999999999877e+00
-5.735166700000000617e-01	3.007252000000000258e+00
-5.723563799999999979e-01	3.018557400000000168e+00
-5.711643800000000271e-01	3.018557400000000168e+00
-5.699341700000000177e-01	3.007252000000000258e+00
-5.686414400000000535e-01	2.984640999999999877e+00
-5.672920899999999156e-01	3.018557400000000168e+00
-5.660040200000000521e-01	2.962030200000000058e+00
-5.648476000000000052e-01	2.939419200000000121e+00
-5.636786700000000483e-01	2.916808399999999857e+00
-5.623648999999999454e-01	2.848975499999999883e+00
-5.609958900000000526e-01	2.939419200000000121e+00
-5.597145199999999932e-01	2.950724799999999703e+00
-5.584991000000000261e-01	2.962030200000000058e+00
-5.572691200000000622e-01	2.950724799999999703e+00
-5.560544900000000679e-01	2.928113800000000211e+00
-5.548795300000000097e-01	2.950724799999999703e+00
-5.536678600000000117e-01	2.984640999999999877e+00
-5.523273800000000344e-01	3.029862800000000078e+00
-5.508817400000000086e-01	3.007252000000000258e+00
-5.495062399999999236e-01	3.007252000000000258e+00
-5.483114999999999517e-01	2.995946599999999904e+00
-5.471989699999999512e-01	3.007252000000000258e+00
-5.460142300000000448e-01	2.984640999999999877e+00
-5.447067199999999776e-01	2.962030200000000058e+00
-5.433527100000000720e-01	2.984640999999999877e+00
-5.420457699999999823e-01	2.905502900000000110e+00
-5.407819099999999768e-01	2.984640999999999877e+00
-5.395301100000000627e-01	2.995946599999999904e+00
-5.383110400000000739e-01	2.995946599999999904e+00
-5.371277899999999939e-01	2.939419200000000121e+00
-5.359258900000000159e-01	2.950724799999999703e+00
-5.346676099999999598e-01	2.939419200000000121e+00
-5.333854500000000387e-01	2.928113800000000211e+00
-5.321145400000000247e-01	2.973335599999999967e+00
-5.308085100000000667e-01	2.984640999999999877e+00
-5.294700700000000149e-01	2.950724799999999703e+00
-5.282858000000000276e-01	2.950724799999999703e+00
-5.272692100000000437e-01	3.029862800000000078e+00
-5.260756099999999158e-01	2.995946599999999904e+00
-5.246280399999999622e-01	2.928113800000000211e+00
-5.232434400000000041e-01	3.018557400000000168e+00
-5.220119899999999813e-01	2.939419200000000121e+00
-5.207887199999999828e-01	2.860280899999999793e+00
-5.195146299999999773e-01	2.894197300000000084e+00
-5.182057500000000205e-01	2.905502900000000110e+00
-5.168868699999999983e-01	2.905502900000000110e+00
-5.155765200000000936e-01	2.882891899999999730e+00
-5.142762800000000301e-01	2.916808399999999857e+00
-5.130117400000000494e-01	3.007252000000000258e+00
-5.118330399999999614e-01	2.916808399999999857e+00
-5.107042399999999205e-01	2.928113800000000211e+00
-5.095312200000000624e-01	2.916808399999999857e+00
-5.082949900000000021e-01	2.894197300000000084e+00
-5.070478400000000274e-01	2.882891899999999730e+00
-5.058141099999999835e-01	2.916808399999999857e+00
-5.045653799999999523e-01	2.894197300000000084e+00
-5.032991300000000390e-01	2.939419200000000121e+00
-5.020260699999999909e-01	2.962030200000000058e+00
-5.007331099999999813e-01	2.984640999999999877e+00
-4.994357099999999772e-01	2.916808399999999857e+00
-4.981567400000000423e-01	2.894197300000000084e+00
-4.968926499999999913e-01	2.905502900000000110e+00
-4.956546000000000562e-01	2.939419200000000121e+00
-4.944589600000000029e-01	2.916808399999999857e+00
-4.932615000000000194e-01	2.962030200000000058e+00
-4.919874099999999584e-01	2.905502900000000110e+00
-4.906289600000000584e-01	2.916808399999999857e+00
-4.892337999999999965e-01	2.950724799999999703e+00
-4.878881999999999941e-01	2.995946599999999904e+00
-4.867026700000000039e-01	3.007252000000000258e+00
-4.856244699999999748e-01	2.939419200000000121e+00
-4.844650899999999871e-01	2.928113800000000211e+00
-4.831911199999999740e-01	3.007252000000000258e+00
-4.818430199999999552e-01	2.950724799999999703e+00
-4.804078300000000357e-01	2.962030200000000058e+00
-4.790404100000000276e-01	2.995946599999999904e+00
-4.778971700000000378e-01	2.973335599999999967e+00
-4.767869100000000082e-01	2.984640999999999877e+00
-4.754956499999999919e-01	3.018557400000000168e+00
-4.741385699999999814e-01	3.052473800000000015e+00
-4.728969999999999563e-01	2.995946599999999904e+00
-4.717362600000000183e-01	2.916808399999999857e+00
-4.705188999999999622e-01	2.995946599999999904e+00
-4.691897899999999955e-01	2.962030200000000058e+00
-4.677799599999999947e-01	2.984640999999999877e+00
-4.664018400000000120e-01	2.962030200000000058e+00
-4.651891499999999957e-01	2.950724799999999703e+00
-4.641112799999999594e-01	2.984640999999999877e+00
-4.629746399999999928e-01	2.950724799999999703e+00
-4.616974799999999934e-01	2.950724799999999703e+00
-4.604216899999999946e-01	2.950724799999999703e+00
-4.592112600000000100e-01	2.905502900000000110e+00
-4.579571899999999585e-01	2.916808399999999857e+00
-4.566448999999999647e-01	2.962030200000000058e+00
-4.553394299999999895e-01	2.973335599999999967e+00
-4.540606799999999943e-01	2.973335599999999967e+00
-4.528238800000000119e-01	2.984640999999999877e+00
-4.515803800000000034e-01	2.984640999999999877e+00
-4.502364799999999945e-01	3.041168400000000105e+00
-4.488712200000000152e-01	2.962030200000000058e+00
-4.476397599999999977e-01	3.029862800000000078e+00
-4.464579900000000268e-01	3.063779199999999925e+00
-4.451872000000000051e-01	2.995946599999999904e+00
-4.439092399999999827e-01	3.041168400000000105e+00
-4.426932499999999826e-01	2.984640999999999877e+00
-4.414370100000000186e-01	3.018557400000000168e+00
-4.400919799999999937e-01	3.041168400000000105e+00
-4.387785599999999842e-01	3.007252000000000258e+00
-4.375725700000000495e-01	3.041168400000000105e+00
-4.363710100000000036e-01	2.995946599999999904e+00
-4.350497399999999626e-01	2.984640999999999877e+00
-4.336085299999999920e-01	2.973335599999999967e+00
-4.321799499999999794e-01	2.962030200000000058e+00
-4.309116499999999794e-01	2.950724799999999703e+00
-4.297745599999999722e-01	3.018557400000000168e+00
-4.285948299999999822e-01	3.041168400000000105e+00
-4.273089199999999810e-01	3.029862800000000078e+00
-4.260087999999999653e-01	3.029862800000000078e+00
-4.247579000000000216e-01	3.052473800000000015e+00
-4.235509999999999553e-01	3.041168400000000105e+00
-4.223449000000000231e-01	3.029862800000000078e+00
-4.210889999999999911e-01	2.995946599999999904e+00
-4.197888799999999754e-01	3.007252000000000258e+00
-4.184735200000000432e-01	2.995946599999999904e+00
-4.171299699999999611e-01	3.007252000000000258e+00
-4.157085400000000153e-01	2.995946599999999904e+00
-4.142863199999999857e-01	2.995946599999999904e+00
-4.130647499999999805e-01	3.018557400000000168e+00
-4.120275899999999991e-01	3.029862800000000078e+00
-4.109311900000000017e-01	3.029862800000000078e+00
-4.096898500000000221e-01	3.018557400000000168e+00
-4.084198499999999732e-01	3.029862800000000078e+00
-4.071624699999999986e-01	3.029862800000000078e+00
-4.058672400000000180e-01	3.018557400000000168e+00
-4.045708700000000269e-01	3.063779199999999925e+00
-4.033513499999999974e-01	3.007252000000000258e+00
-4.021568400000000154e-01	3.007252000000000258e+00
-4.008987800000000101e-01	2.984640999999999877e+00
-3.996401600000000220e-01	2.995946599999999904e+00
-3.984384899999999785e-01	3.041168400000000105e+00
-3.971974799999999917e-01	3.029862800000000078e+00
-3.958948599999999596e-01	3.063779199999999925e+00
-3.946224799999999977e-01	3.109001099999999962e+00
-3.933581600000000122e-01	3.041168400000000105e+00
-3.920317799999999964e-01	3.086390299999999698e+00
-3.906764100000000295e-01	3.097695700000000052e+00
-3.893627500000000352e-01	3.063779199999999925e+00
-3.880897999999999848e-01	3.075084599999999835e+00
-3.867805799999999850e-01	3.165528299999999629e+00
-3.854300999999999977e-01	3.018557400000000168e+00
-3.841403199999999796e-01	3.063779199999999925e+00
-3.829502499999999920e-01	3.018557400000000168e+00
-3.817793899999999963e-01	2.995946599999999904e+00
-3.805347400000000380e-01	3.052473800000000015e+00
-3.792384899999999837e-01	3.029862800000000078e+00
-3.779916799999999966e-01	3.052473800000000015e+00
-3.767735300000000231e-01	3.109001099999999962e+00
-3.754925000000000068e-01	3.063779199999999925e+00
-3.741965899999999956e-01	3.052473800000000015e+00
-3.729377299999999673e-01	3.097695700000000052e+00
-3.716113500000000069e-01	3.120306499999999872e+00
-3.702003799999999956e-01	3.142917500000000253e+00
-3.689097000000000071e-01	3.075084599999999835e+00
-3.678125000000000422e-01	3.086390299999999698e+00
-3.667045100000000390e-01	3.041168400000000105e+00
-3.654691899999999993e-01	3.052473800000000015e+00
-3.641418999999999628e-01	3.029862800000000078e+00
-3.627553699999999659e-01	3.041168400000000105e+00
-3.614425200000000449e-01	3.052473800000000015e+00
-3.602575600000000322e-01	3.007252000000000258e+00
-3.590184900000000234e-01	3.029862800000000078e+00
-3.576861900000000150e-01	3.029862800000000078e+00
-3.564384800000000020e-01	3.131612099999999899e+00
-3.552889899999999712e-01	3.097695700000000052e+00
-3.540474200000000016e-01	3.142917500000000253e+00
-3.526384899999999711e-01	3.131612099999999899e+00
-3.512597000000000080e-01	3.109001099999999962e+00
-3.500820199999999938e-01	3.210750099999999829e+00
-3.489673200000000253e-01	3.097695700000000052e+00
-3.477434799999999937e-01	3.052473800000000015e+00
-3.464037899999999892e-01	3.120306499999999872e+00
-3.449785000000000212e-01	3.109001099999999962e+00
-3.435944800000000354e-01	3.120306499999999872e+00
-3.423697299999999832e-01	3.120306499999999872e+00
-3.411887500000000406e-01	3.142917500000000253e+00
-3.399104600000000254e-01	3.154222900000000163e+00
-3.385667900000000063e-01	3.142917500000000253e+00
-3.372697399999999845e-01	3.109001099999999962e+00
-3.360592000000000024e-01	3.120306499999999872e+00
-3.348328600000000099e-01	3.075084599999999835e+00
-3.335348999999999675e-01	3.041168400000000105e+00
-3.322369399999999806e-01	3.075084599999999835e+00
-3.309455700000000222e-01	3.097695700000000052e+00
-3.296341900000000491e-01	3.131612099999999899e+00
-3.283467999999999942e-01	3.142917500000000253e+00
-3.270752099999999496e-01	3.165528299999999629e+00
-3.257550800000000302e-01	3.109001099999999962e+00
-3.244438199999999939e-01	3.097695700000000052e+00
-3.232498799999999894e-01	3.075084599999999835e+00
-3.221077800000000102e-01	3.052473800000000015e+00
-3.208530199999999888e-01	3.109001099999999962e+00
-3.194621699999999898e-01	3.131612099999999899e+00
-3.180710999999999955e-01	3.142917500000000253e+00
-3.167930299999999755e-01	3.142917500000000253e+00
-3.155950000000000144e-01	3.165528299999999629e+00
-3.143519499999999911e-01	3.086390299999999698e+00
-3.130268199999999834e-01	3.029862800000000078e+00
-3.117095300000000124e-01	3.086390299999999698e+00
-3.104544200000000087e-01	3.097695700000000052e+00
-3.092488899999999985e-01	3.154222900000000163e+00
-3.080172100000000412e-01	3.131612099999999899e+00
-3.066804799999999775e-01	3.109001099999999962e+00
-3.053614800000000185e-01	3.142917500000000253e+00
-3.041985799999999962e-01	3.086390299999999698e+00
-3.030583000000000027e-01	3.154222900000000163e+00
-3.017717099999999708e-01	3.075084599999999835e+00
-3.003683600000000009e-01	3.120306499999999872e+00
-2.990017299999999656e-01	3.165528299999999629e+00
-2.977801600000000160e-01	3.120306499999999872e+00
-2.966296499999999670e-01	3.086390299999999698e+00
-2.954103599999999830e-01	3.120306499999999872e+00
-2.941035300000000019e-01	3.154222900000000163e+00
-2.927708900000000058e-01	3.131612099999999899e+00
-2.914475799999999839e-01	3.109001099999999962e+00
-2.901464300000000107e-01	3.176833900000000099e+00
-2.889104299999999959e-01	3.041168400000000105e+00
-2.877198999999999729e-01	3.097695700000000052e+00
-2.864695700000000067e-01	3.199444699999999919e+00
-2.851569400000000254e-01	3.086390299999999698e+00
-2.838307899999999995e-01	3.131612099999999899e+00
-2.824871200000000360e-01	3.063779199999999925e+00
-2.811708600000000224e-01	3.097695700000000052e+00
-2.798997200000000185e-01	3.142917500000000253e+00
-2.786247299999999871e-01	3.131612099999999899e+00
-2.773848600000000109e-01	3.165528299999999629e+00
-2.762000099999999958e-01	3.154222900000000163e+00
-2.749534399999999934e-01	3.097695700000000052e+00
-2.736305799999999566e-01	3.154222900000000163e+00
-2.723405700000000040e-01	3.188139300000000009e+00
-2.710614800000000213e-01	3.109001099999999962e+00
-2.697390799999999644e-01	3.142917500000000253e+00
-2.684068900000000091e-01	3.176833900000000099e+00
-2.670743700000000054e-01	3.142917500000000253e+00
-2.657814099999999957e-01	3.109001099999999962e+00
-2.645673500000000344e-01	3.063779199999999925e+00
-2.633540799999999904e-01	3.086390299999999698e+00
-2.620693099999999998e-01	3.052473800000000015e+00
-2.607094999999999829e-01	3.154222900000000163e+00
-2.592944400000000149e-01	3.131612099999999899e+00
-2.578993900000000061e-01	3.165528299999999629e+00
-2.566060900000000089e-01	3.120306499999999872e+00
-2.553816799999999998e-01	3.097695700000000052e+00
-2.541647699999999843e-01	3.131612099999999899e+00
-2.529562800000000333e-01	3.075084599999999835e+00
-2.517182300000000428e-01	3.041168400000000105e+00
-2.504328900000000191e-01	3.052473800000000015e+00
-2.491697199999999834e-01	3.097695700000000052e+00
-2.479231400000000141e-01	3.120306499999999872e+00
-2.465927800000000114e-01	3.142917500000000253e+00
-2.451812399999999670e-01	3.120306499999999872e+00
-2.438571299999999775e-01	3.109001099999999962e+00
-2.426865000000000272e-01	3.120306499999999872e+00
-2.414860799999999919e-01	3.142917500000000253e+00
-2.401363900000000051e-01	3.109001099999999962e+00
-2.387636200000000097e-01	3.142917500000000253e+00
-2.374745199999999945e-01	3.120306499999999872e+00
-2.361675800000000158e-01	3.131612099999999899e+00
-2.348078899999999913e-01	3.109001099999999962e+00
-2.336107600000000006e-01	3.131612099999999899e+00
-2.326039499999999760e-01	3.063779199999999925e+00
-2.314347999999999961e-01	3.063779199999999925e+00
-2.299254899999999824e-01	3.018557400000000168e+00
-2.283618399999999826e-01	3.029862800000000078e+00
-2.270842299999999980e-01	3.052473800000000015e+00
-2.260217099999999868e-01	3.063779199999999925e+00
-2.248427799999999921e-01	3.052473800000000015e+00
-2.234742200000000012e-01	3.063779199999999925e+00
-2.220740499999999951e-01	3.086390299999999698e+00
-2.207339099999999776e-01	3.063779199999999925e+00
-2.194824400000000009e-01	3.109001099999999962e+00
-2.182816800000000057e-01	3.097695700000000052e+00
-2.170352200000000009e-01	3.029862800000000078e+00
-2.157282799999999945e-01	3.086390299999999698e+00
-2.144422500000000009e-01	3.154222900000000163e+00
-2.132153400000000032e-01	3.176833900000000099e+00
-2.119888900000000131e-01	3.199444699999999919e+00
-2.106942199999999876e-01	3.131612099999999899e+00
-2.093431699999999951e-01	3.142917500000000253e+00
-2.080066700000000046e-01	3.154222900000000163e+00
-2.067001800000000111e-01	3.188139300000000009e+00
-2.054207499999999853e-01	3.176833900000000099e+00
-2.042068000000000216e-01	3.210750099999999829e+00
-2.030255900000000058e-01	3.210750099999999829e+00
-2.018091399999999980e-01	3.176833900000000099e+00
-2.005756399999999995e-01	3.176833900000000099e+00
-1.993448700000000073e-01	3.222055699999999856e+00
-1.980652099999999916e-01	3.188139300000000009e+00
-1.967071099999999906e-01	3.210750099999999829e+00
-1.953651499999999874e-01	3.255972199999999983e+00
-1.941159600000000041e-01	3.267277599999999893e+00
-1.928160600000000113e-01	3.199444699999999919e+00
-1.913861099999999982e-01	3.255972199999999983e+00
-1.900487000000000148e-01	3.222055699999999856e+00
-1.889113699999999951e-01	3.233361100000000210e+00
-1.878147500000000025e-01	3.267277599999999893e+00
-1.866273999999999988e-01	3.267277599999999893e+00
-1.852979499999999891e-01	3.267277599999999893e+00
-1.838807299999999922e-01	3.278583000000000247e+00
-1.825098900000000079e-01	3.278583000000000247e+00
-1.812395599999999940e-01	3.267277599999999893e+00
-1.800585799999999959e-01	3.244666499999999676e+00
-1.788548600000000044e-01	3.278583000000000247e+00
-1.774765199999999987e-01	3.255972199999999983e+00
-1.760065500000000116e-01	3.255972199999999983e+00
-1.746607300000000140e-01	3.233361100000000210e+00
-1.734547399999999961e-01	3.278583000000000247e+00
-1.722580699999999854e-01	3.278583000000000247e+00
-1.710363900000000104e-01	3.199444699999999919e+00
-1.697828799999999971e-01	3.176833900000000099e+00
-1.684440999999999855e-01	3.199444699999999919e+00
-1.670766800000000052e-01	3.199444699999999919e+00
-1.657595000000000041e-01	3.210750099999999829e+00
-1.644309600000000149e-01	3.188139300000000009e+00
-1.630458000000000185e-01	3.210750099999999829e+00
-1.617340800000000023e-01	3.199444699999999919e+00
-1.606365499999999891e-01	3.301193999999999740e+00
-1.596424700000000085e-01	3.244666499999999676e+00
-1.584730900000000109e-01	3.301193999999999740e+00
-1.570610899999999865e-01	3.301193999999999740e+00
-1.556047700000000034e-01	3.267277599999999893e+00
-1.542146000000000072e-01	3.301193999999999740e+00
-1.528469500000000092e-01	3.301193999999999740e+00
-1.515034000000000103e-01	3.267277599999999893e+00
-1.502200999999999953e-01	3.267277599999999893e+00
-1.490045600000000081e-01	3.289888400000000157e+00
-1.478283599999999920e-01	3.255972199999999983e+00
-1.465941799999999906e-01	3.301193999999999740e+00
-1.452460799999999996e-01	3.267277599999999893e+00
-1.438850199999999746e-01	3.267277599999999893e+00
-1.426037700000000186e-01	3.278583000000000247e+00
-1.413241100000000028e-01	3.244666499999999676e+00
-1.399812400000000068e-01	3.301193999999999740e+00
-1.386833900000000175e-01	3.267277599999999893e+00
-1.374419300000000177e-01	3.244666499999999676e+00
-1.360724600000000062e-01	3.323804800000000004e+00
-1.346052199999999976e-01	3.267277599999999893e+00
-1.333621600000000074e-01	3.255972199999999983e+00
-1.323671800000000010e-01	3.289888400000000157e+00
-1.312173500000000104e-01	3.323804800000000004e+00
-1.297996700000000059e-01	3.312499400000000094e+00
-1.284263399999999999e-01	3.335110200000000358e+00
-1.271760100000000060e-01	3.267277599999999893e+00
-1.258813400000000082e-01	3.267277599999999893e+00
-1.245380199999999993e-01	3.255972199999999983e+00
-1.232049300000000042e-01	3.289888400000000157e+00
-1.218988899999999959e-01	3.289888400000000157e+00
-1.207038200000000033e-01	3.244666499999999676e+00
-1.196042399999999867e-01	3.301193999999999740e+00
-1.183934700000000007e-01	3.267277599999999893e+00
-1.169733000000000023e-01	3.289888400000000157e+00
-1.154914999999999969e-01	3.244666499999999676e+00
-1.140865600000000035e-01	3.233361100000000210e+00
-1.127241400000000004e-01	3.289888400000000157e+00
-1.113535299999999922e-01	3.255972199999999983e+00
-1.100329399999999958e-01	3.188139300000000009e+00
-1.088312700000000077e-01	3.244666499999999676e+00
-1.076889499999999916e-01	3.289888400000000157e+00
-1.064456700000000061e-01	3.267277599999999893e+00
-1.050498200000000021e-01	3.255972199999999983e+00
-1.036537500000000028e-01	3.233361100000000210e+00
-1.024284299999999870e-01	3.323804800000000004e+00
-1.013543200000000116e-01	3.289888400000000157e+00
-1.002217700000000017e-01	3.323804800000000004e+00
-9.886912300000000320e-02	3.312499400000000094e+00
-9.744553599999999927e-02	3.267277599999999893e+00
-9.620180200000000292e-02	3.278583000000000247e+00
-9.509039999999999160e-02	3.301193999999999740e+00
-9.389827900000000116e-02	3.323804800000000004e+00
-9.256223199999999429e-02	3.323804800000000004e+00
-9.117411500000000002e-02	3.278583000000000247e+00
-8.980850899999999470e-02	3.255972199999999983e+00
-8.844926899999999703e-02	3.278583000000000247e+00
-8.711162999999999546e-02	3.335110200000000358e+00
-8.584447600000000289e-02	3.335110200000000358e+00
-8.462166100000000080e-02	3.289888400000000157e+00
-8.340339300000000622e-02	3.233361100000000210e+00
-8.218739799999999485e-02	3.301193999999999740e+00
-8.092251799999999884e-02	3.255972199999999983e+00
-7.954304200000000824e-02	3.210750099999999829e+00
-7.814333000000001084e-02	3.233361100000000210e+00
-7.688368000000000979e-02	3.233361100000000210e+00
-7.568564799999999426e-02	3.222055699999999856e+00
-7.438552499999999401e-02	3.233361100000000210e+00
-7.307721699999999987e-02	3.267277599999999893e+00
-7.186940800000000962e-02	3.278583000000000247e+00
-7.062817500000000137e-02	3.289888400000000157e+00
-6.926325099999999790e-02	3.278583000000000247e+00
-6.790082800000001029e-02	3.255972199999999983e+00
-6.662844500000000836e-02	3.278583000000000247e+00
-6.538039099999999604e-02	3.312499400000000094e+00
-6.412938099999999919e-02	3.267277599999999893e+00
-6.287450599999999667e-02	3.267277599999999893e+00
-6.156005800000000083e-02	3.301193999999999740e+00
-6.024038199999999510e-02	3.289888400000000157e+00
-5.898800699999999508e-02	3.312499400000000094e+00
-5.769447899999999990e-02	3.357721199999999850e+00
-5.632000499999999937e-02	3.267277599999999893e+00
-5.502579400000000287e-02	3.323804800000000004e+00
-5.385663799999999835e-02	3.289888400000000157e+00
-5.260039899999999907e-02	3.233361100000000210e+00
-5.111746799999999924e-02	3.222055699999999856e+00
-4.963112600000000457e-02	3.301193999999999740e+00
-4.843127499999999586e-02	3.301193999999999740e+00
-4.740195400000000309e-02	3.255972199999999983e+00
-4.618550500000000170e-02	3.244666499999999676e+00
-4.472462900000000185e-02	3.222055699999999856e+00
-4.330945600000000312e-02	3.267277599999999893e+00
-4.207890900000000461e-02	3.278583000000000247e+00
-4.087951299999999927e-02	3.255972199999999983e+00
-3.960940399999999390e-02	3.312499400000000094e+00
-3.827471999999999819e-02	3.278583000000000247e+00
-3.687887299999999952e-02	3.210750099999999829e+00
-3.553304899999999711e-02	3.289888400000000157e+00
-3.436161900000000297e-02	3.278583000000000247e+00
-3.322338700000000006e-02	3.289888400000000157e+00
-3.193395100000000209e-02	3.289888400000000157e+00
-3.058676199999999651e-02	3.346415799999999940e+00
-2.926503800000000016e-02	3.323804800000000004e+00
-2.787919600000000192e-02	3.357721199999999850e+00
-2.645833799999999791e-02	3.176833900000000099e+00
-2.510978399999999958e-02	3.222055699999999856e+00
-2.382125800000000140e-02	3.199444699999999919e+00
-2.255546899999999813e-02	3.165528299999999629e+00
-2.132196600000000122e-02	3.244666499999999676e+00
-2.013416599999999848e-02	3.301193999999999740e+00
-1.893886300000000023e-02	3.278583000000000247e+00
-1.762532499999999724e-02	3.255972199999999983e+00
-1.626290199999999922e-02	3.267277599999999893e+00
-1.503167400000000008e-02	3.255972199999999983e+00
-1.382068099999999959e-02	3.233361100000000210e+00
-1.246030499999999964e-02	3.255972199999999983e+00
-1.110856799999999922e-02	3.278583000000000247e+00
-9.878476700000001290e-03	3.335110200000000358e+00
-8.635197399999999107e-03	3.289888400000000157e+00
-7.333255799999999734e-03	3.222055699999999856e+00
-6.046548200000000615e-03	3.255972199999999983e+00
-4.734602000000000081e-03	3.188139300000000009e+00
-3.315562900000000070e-03	3.142917500000000253e+00
-1.920625399999999943e-03	3.199444699999999919e+00
-7.319158600000000075e-04	3.188139300000000009e+00
3.615241399999999860e-04	3.233361100000000210e+00
1.582520800000000076e-03	3.233361100000000210e+00
2.931301400000000008e-03	3.255972199999999983e+00
4.288040099999999508e-03	3.222055699999999856e+00
5.674110100000000038e-03	3.210750099999999829e+00
7.166818199999999348e-03	3.233361100000000210e+00
8.607230500000000173e-03	3.244666499999999676e+00
9.781388099999999836e-03	3.222055699999999856e+00
1.084731599999999921e-02	3.222055699999999856e+00
1.209286900000000088e-02	3.233361100000000210e+00
1.345733799999999925e-02	3.255972199999999983e+00
1.474950300000000061e-02	3.188139300000000009e+00
1.599073599999999845e-02	3.233361100000000210e+00
1.725356899999999985e-02	3.233361100000000210e+00
1.854664299999999807e-02	3.267277599999999893e+00
1.987086799999999986e-02	3.233361100000000210e+00
2.120373199999999944e-02	3.199444699999999919e+00
2.253568699999999869e-02	3.210750099999999829e+00
2.390197600000000186e-02	3.233361100000000210e+00
2.529145600000000035e-02	3.289888400000000157e+00
2.661295199999999875e-02	3.255972199999999983e+00
2.784349800000000125e-02	3.199444699999999919e+00
2.904653199999999991e-02	3.222055699999999856e+00
3.024047099999999794e-02	3.233361100000000210e+00
3.144941700000000034e-02	3.233361100000000210e+00
3.271793499999999660e-02	3.267277599999999893e+00
3.407103599999999899e-02	3.244666499999999676e+00
3.552759200000000367e-02	3.188139300000000009e+00
3.699778999999999568e-02	3.188139300000000009e+00
3.831723899999999600e-02	3.199444699999999919e+00
3.943637200000000426e-02	3.176833900000000099e+00
4.051230499999999846e-02	3.176833900000000099e+00
4.174285099999999749e-02	3.210750099999999829e+00
4.308753899999999415e-02	3.199444699999999919e+00
4.444632399999999539e-02	3.176833900000000099e+00
4.584148899999999915e-02	3.199444699999999919e+00
4.716048400000000251e-02	3.131612099999999899e+00
4.834851099999999680e-02	3.222055699999999856e+00
4.963476399999999789e-02	3.255972199999999983e+00
5.108222500000000194e-02	3.176833900000000099e+00
5.248284699999999914e-02	3.267277599999999893e+00
5.373453899999999783e-02	3.210750099999999829e+00
5.489982899999999721e-02	3.199444699999999919e+00
5.607330399999999743e-02	3.165528299999999629e+00
5.730885299999999988e-02	3.176833900000000099e+00
5.857191400000000270e-02	3.176833900000000099e+00
5.981382899999999891e-02	3.176833900000000099e+00
6.111235999999999058e-02	3.165528299999999629e+00
6.255504600000000304e-02	3.210750099999999829e+00
6.401069199999999404e-02	3.165528299999999629e+00
6.534969499999999931e-02	3.086390299999999698e+00
6.661230099999999876e-02	3.142917500000000253e+00
6.781829100000000277e-02	3.165528299999999629e+00
6.903587699999999550e-02	3.222055699999999856e+00
7.035760099999999184e-02	3.210750099999999829e+00
7.173275700000000810e-02	3.188139300000000009e+00
7.313406100000000021e-02	3.210750099999999829e+00
7.451876600000000017e-02	3.154222900000000163e+00
7.571861700000000195e-02	3.210750099999999829e+00
7.679295799999999450e-02	3.188139300000000009e+00
7.803873800000001026e-02	3.154222900000000163e+00
7.947301099999999618e-02	3.165528299999999629e+00
8.081951800000000685e-02	3.131612099999999899e+00
8.199253899999998929e-02	3.131612099999999899e+00
8.317897499999998834e-02	3.188139300000000009e+00
8.451274899999999812e-02	3.244666499999999676e+00
8.596862199999999454e-02	3.210750099999999829e+00
8.744064000000000003e-02	3.188139300000000009e+00
8.879283100000000262e-02	3.176833900000000099e+00
9.003383599999999209e-02	3.188139300000000009e+00
9.130667399999999045e-02	3.176833900000000099e+00
9.261293600000000681e-02	3.154222900000000163e+00
9.384007199999999660e-02	3.176833900000000099e+00
9.501354700000000375e-02	3.154222900000000163e+00
9.628070099999999631e-02	3.188139300000000009e+00
9.766517899999999086e-02	3.255972199999999983e+00
9.901941699999999846e-02	3.267277599999999893e+00
1.002708800000000067e-01	3.301193999999999740e+00
1.015000599999999892e-01	3.301193999999999740e+00
1.027478899999999945e-01	3.335110200000000358e+00
1.040084500000000023e-01	3.323804800000000004e+00
1.052610499999999949e-01	3.414248400000000405e+00
1.064254300000000014e-01	3.436859499999999734e+00
1.075909500000000046e-01	3.448164900000000088e+00
1.089233599999999968e-01	3.402943000000000051e+00
1.103269399999999983e-01	3.470775700000000352e+00
1.116795800000000005e-01	3.482081299999999935e+00
1.129969900000000055e-01	3.538608500000000046e+00
1.142830100000000043e-01	3.572524899999999892e+00
1.155501599999999990e-01	3.617746799999999929e+00
1.168277800000000061e-01	3.629052199999999839e+00
1.181388099999999969e-01	3.662968600000000130e+00
1.194928199999999996e-01	3.674274000000000040e+00
1.208511499999999905e-01	3.753412199999999643e+00
1.221812899999999980e-01	3.776022999999999907e+00
1.234461699999999940e-01	3.753412199999999643e+00
1.246048700000000065e-01	3.776022999999999907e+00
1.257706100000000049e-01	3.877772300000000172e+00
1.270880100000000013e-01	3.855161499999999908e+00
1.284579399999999927e-01	3.866466700000000589e+00
1.297505599999999870e-01	3.934299600000000119e+00
1.310477300000000012e-01	4.002132399999999812e+00
1.324306100000000042e-01	4.047354000000000340e+00
1.338121400000000238e-01	4.103881200000000007e+00
1.350874799999999820e-01	4.126492499999999453e+00
1.362664099999999767e-01	4.137797699999999246e+00
1.374371500000000079e-01	4.194325300000000034e+00
1.387240899999999943e-01	4.183019700000000007e+00
1.401406299999999883e-01	4.250852599999999981e+00
1.414996400000000099e-01	4.307379799999999648e+00
1.427590599999999932e-01	4.296074199999999621e+00
1.440869300000000020e-01	4.375212600000000229e+00
1.454141100000000131e-01	4.409128599999999842e+00
1.465768899999999875e-01	4.476961500000000704e+00
1.477296800000000021e-01	4.499572299999999636e+00
1.490034299999999923e-01	4.510877899999999663e+00
1.503021800000000074e-01	4.499572299999999636e+00
1.516430100000000225e-01	4.623932299999999884e+00
1.530477199999999982e-01	4.657848800000000011e+00
1.543876400000000204e-01	4.691765200000000746e+00
1.556966300000000025e-01	4.748292400000000413e+00
1.570936099999999946e-01	4.759598000000000440e+00
1.584760400000000125e-01	4.804819700000000360e+00
1.597518300000000113e-01	4.895263700000000107e+00
1.610253500000000115e-01	4.940485400000000027e+00
1.623700399999999933e-01	4.917874600000000207e+00
1.637247400000000075e-01	4.985707399999999900e+00
1.649905200000000016e-01	4.940485400000000027e+00
1.661303499999999822e-01	4.963096200000000735e+00
1.672644900000000157e-01	5.042234600000000455e+00
1.685493799999999986e-01	5.098761900000000402e+00
1.699183900000000025e-01	5.189205499999999915e+00
1.712010100000000146e-01	5.268343500000000290e+00
1.723990400000000034e-01	5.313565600000000444e+00
1.736052599999999835e-01	5.392703599999999931e+00
1.748919700000000077e-01	5.449230799999999597e+00
1.762648500000000007e-01	5.449230799999999597e+00
1.775952100000000033e-01	5.618812999999999391e+00
1.788585000000000036e-01	5.618812999999999391e+00
1.802138699999999982e-01	5.618812999999999391e+00
1.816345000000000043e-01	5.630118099999999792e+00
1.829305300000000079e-01	5.652729400000000126e+00
1.841308399999999901e-01	5.664034599999999919e+00
1.853913999999999840e-01	5.709256599999999793e+00
1.867047100000000237e-01	5.697950999999999766e+00
1.879620899999999983e-01	5.777089499999999767e+00
1.891714899999999977e-01	5.811005900000000501e+00
1.904597900000000177e-01	5.822311100000000295e+00
1.918490399999999985e-01	5.890143899999999988e+00
1.932278300000000171e-01	5.980587599999999782e+00
1.945613800000000060e-01	6.014504000000000516e+00
1.958778700000000095e-01	6.003198399999999602e+00
1.971295700000000040e-01	6.014504000000000516e+00
1.982859899999999953e-01	6.104947699999999422e+00
1.994414999999999938e-01	6.206696899999999850e+00
2.006904699999999819e-01	6.297140600000000532e+00
2.020149199999999867e-01	6.240612900000000351e+00
2.033739299999999806e-01	6.274529299999999310e+00
2.047179399999999871e-01	6.285835000000000505e+00
2.057745400000000058e-01	6.410194999999999865e+00
2.061651700000000087e-01	6.342362200000000172e+00
2.058829999999999827e-01	6.218002099999999643e+00
2.052367999999999970e-01	6.218002099999999643e+00
2.044787399999999922e-01	6.161474899999999977e+00
2.037490999999999886e-01	6.104947699999999422e+00
2.030419600000000213e-01	6.014504000000000516e+00
2.022895799999999966e-01	6.059725600000000156e+00
2.015688099999999872e-01	6.014504000000000516e+00
2.009389800000000170e-01	6.014504000000000516e+00
2.002520899999999937e-01	5.935365499999999628e+00
1.994299099999999880e-01	5.844921900000000115e+00
1.986361400000000166e-01	5.811005900000000501e+00
1.979467500000000046e-01	5.799700300000000475e+00
1.972180099999999991e-01	5.731867400000000501e+00
1.963560400000000095e-01	5.743173000000000528e+00
1.954156200000000121e-01	5.743173000000000528e+00
1.945079499999999850e-01	5.664034599999999919e+00
1.936673500000000159e-01	5.596202200000000460e+00
1.928610799999999903e-01	5.437925700000000084e+00
1.921136999999999984e-01	5.415314399999999750e+00
1.914045199999999947e-01	5.437925700000000084e+00
1.905955300000000130e-01	5.324870800000000237e+00
1.896494300000000077e-01	5.302260000000000417e+00
1.887406100000000031e-01	5.302260000000000417e+00
1.879741399999999840e-01	5.211816299999999735e+00
1.871881099999999909e-01	5.234427100000000443e+00
1.862595099999999892e-01	5.200511099999999942e+00
1.853102299999999925e-01	5.053539800000000248e+00
1.844775899999999969e-01	5.042234600000000455e+00
1.837047400000000053e-01	5.042234600000000455e+00
1.828327600000000108e-01	4.974401799999999874e+00
1.818830200000000064e-01	4.997012599999999694e+00
1.810410600000000036e-01	4.951791000000000054e+00
1.802873200000000009e-01	4.906568899999999900e+00
1.794126100000000001e-01	4.861347300000000260e+00
1.783916999999999864e-01	4.895263700000000107e+00
1.773753399999999925e-01	4.804819700000000360e+00
1.764522000000000035e-01	4.714375999999999678e+00
1.755584000000000033e-01	4.736987199999999731e+00
1.746232100000000009e-01	4.691765200000000746e+00
1.737466800000000144e-01	4.657848800000000011e+00
1.729847600000000152e-01	4.578710699999999356e+00
1.722030400000000017e-01	4.590016400000000552e+00
1.712971900000000158e-01	4.533488700000000371e+00
1.702969699999999920e-01	4.533488700000000371e+00
1.693438200000000060e-01	4.454350699999999996e+00
1.685020799999999985e-01	4.488267099999999843e+00
1.676053200000000021e-01	4.522183499999999690e+00
1.665994199999999981e-01	4.431739900000000176e+00
1.656710499999999864e-01	4.386517800000000022e+00
1.647990799999999867e-01	4.386517800000000022e+00
1.637695299999999965e-01	4.375212600000000229e+00
1.626406200000000135e-01	4.318685000000000329e+00
1.616108400000000056e-01	4.228241299999999647e+00
1.607006699999999899e-01	4.262157700000000382e+00
1.598564299999999938e-01	4.194325300000000034e+00
1.590267399999999998e-01	4.205630499999999827e+00
1.581390699999999927e-01	4.149103300000000161e+00
1.571625000000000105e-01	4.115186900000000314e+00
1.561270399999999947e-01	4.137797699999999246e+00
1.551140900000000100e-01	4.115186900000000314e+00
1.541980099999999965e-01	4.058659600000000367e+00
1.533201200000000042e-01	4.058659600000000367e+00
1.523378599999999916e-01	4.047354000000000340e+00
1.512535200000000024e-01	3.956910399999999939e+00
1.502523900000000134e-01	3.866466700000000589e+00
1.494202000000000030e-01	3.922993900000000256e+00
1.485721000000000125e-01	3.877772300000000172e+00
1.475441399999999903e-01	3.821245100000000505e+00
1.464652499999999913e-01	3.832550299999999854e+00
1.455327899999999952e-01	3.753412199999999643e+00
1.446976499999999832e-01	3.753412199999999643e+00
1.437943000000000138e-01	3.696884999999999977e+00
1.428368299999999980e-01	3.685579399999999950e+00
1.419018599999999908e-01	3.651663199999999776e+00
1.409389400000000125e-01	3.640357600000000193e+00
1.399412200000000051e-01	3.640357600000000193e+00
1.389892100000000019e-01	3.595135699999999712e+00
1.380612999999999979e-01	3.572524899999999892e+00
1.371101899999999929e-01	3.561219499999999982e+00
1.361904699999999802e-01	3.459470299999999998e+00
1.352837000000000067e-01	3.470775700000000352e+00
1.342789299999999908e-01	3.493386699999999845e+00
1.332161899999999843e-01	3.470775700000000352e+00
1.322275700000000165e-01	3.459470299999999998e+00
1.313160300000000003e-01	3.323804800000000004e+00
1.303674299999999786e-01	3.312499400000000094e+00
1.293169600000000086e-01	3.233361100000000210e+00
1.282303399999999982e-01	3.244666499999999676e+00
1.271782800000000047e-01	3.301193999999999740e+00
1.261771600000000104e-01	3.323804800000000004e+00
1.252451499999999995e-01	3.244666499999999676e+00
1.243674899999999972e-01	3.176833900000000099e+00
1.234875500000000154e-01	3.142917500000000253e+00
1.225841999999999904e-01	3.176833900000000099e+00
1.216712900000000014e-01	3.109001099999999962e+00
1.207074499999999939e-01	3.154222900000000163e+00
1.196490299999999896e-01	3.233361100000000210e+00
1.186085699999999965e-01	3.154222900000000163e+00
1.177047599999999916e-01	3.131612099999999899e+00
1.168311900000000014e-01	3.097695700000000052e+00
1.158375700000000008e-01	3.018557400000000168e+00
1.147463999999999984e-01	3.075084599999999835e+00
1.136534099999999964e-01	3.029862800000000078e+00
1.125790699999999894e-01	2.984640999999999877e+00
1.115445200000000081e-01	2.995946599999999904e+00
1.106468499999999910e-01	2.984640999999999877e+00
1.098803799999999997e-01	2.973335599999999967e+00
1.090650100000000039e-01	2.894197300000000084e+00
1.080743499999999996e-01	2.939419200000000121e+00
1.070247899999999946e-01	2.962030200000000058e+00
1.060780100000000004e-01	2.916808399999999857e+00
1.051723799999999959e-01	2.871586500000000264e+00
1.041882999999999976e-01	2.837670099999999973e+00
1.031482999999999983e-01	2.815059100000000036e+00
1.021594499999999989e-01	2.803753699999999682e+00
1.013004299999999969e-01	2.781142899999999862e+00
1.004907500000000037e-01	2.815059100000000036e+00
9.955442700000000089e-02	2.803753699999999682e+00
9.849600199999999917e-02	2.815059100000000036e+00
9.749396700000000082e-02	2.837670099999999973e+00
9.660675500000000249e-02	2.826364700000000063e+00
9.572909200000000174e-02	2.837670099999999973e+00
9.476252699999999918e-02	2.860280899999999793e+00
9.371979100000001062e-02	2.803753699999999682e+00
9.267046200000000900e-02	2.803753699999999682e+00
9.164068599999999898e-02	2.747226399999999735e+00
9.065479399999999688e-02	2.758531800000000089e+00
8.968458999999999459e-02	2.679393600000000042e+00
8.859888100000000433e-02	2.668088199999999688e+00
8.740812500000000318e-02	2.781142899999999862e+00
8.630513500000000504e-02	2.815059100000000036e+00
8.536426299999999578e-02	2.769837199999999999e+00
8.447045699999999879e-02	2.769837199999999999e+00
8.349616099999999930e-02	2.735921000000000269e+00
8.247866400000000708e-02	2.702004600000000423e+00
8.154847799999999369e-02	2.679393600000000042e+00
8.069468999999999947e-02	2.690699200000000069e+00
7.982885099999999234e-02	2.656782800000000222e+00
7.889161699999999722e-02	2.679393600000000042e+00
7.783660300000000420e-02	2.634171799999999841e+00
7.672701899999999353e-02	2.656782800000000222e+00
7.563858199999999588e-02	2.656782800000000222e+00
7.453422800000000792e-02	2.588949899999999804e+00
7.344897300000000073e-02	2.645477399999999868e+00
7.250173399999999824e-02	2.656782800000000222e+00
7.168318900000000826e-02	2.622866400000000375e+00
7.088078700000000065e-02	2.577644499999999894e+00
6.999653100000000072e-02	2.634171799999999841e+00
6.899631400000000303e-02	2.577644499999999894e+00
6.794948600000000338e-02	2.509811700000000201e+00
6.692448600000000525e-02	2.543728100000000047e+00
6.591062599999999994e-02	2.577644499999999894e+00
6.490677199999998759e-02	2.611561000000000021e+00
6.389905099999999838e-02	2.577644499999999894e+00
6.283744400000000618e-02	2.577644499999999894e+00
6.174286700000000683e-02	2.588949899999999804e+00
6.071104499999999821e-02	2.600255600000000111e+00
5.977131000000000111e-02	2.588949899999999804e+00
5.880065100000000239e-02	2.611561000000000021e+00
5.770607500000000251e-02	2.645477399999999868e+00
5.662104700000000074e-02	2.634171799999999841e+00
5.569995700000000133e-02	2.588949899999999804e+00
5.486413099999999654e-02	2.577644499999999894e+00
5.394758800000000465e-02	2.555033499999999957e+00
5.291508400000000112e-02	2.566339099999999984e+00
5.184324400000000360e-02	2.577644499999999894e+00
5.080391900000000294e-02	2.588949899999999804e+00
4.981666299999999714e-02	2.566339099999999984e+00
4.883827400000000096e-02	2.566339099999999984e+00
4.776006800000000274e-02	2.611561000000000021e+00
4.658272700000000432e-02	2.566339099999999984e+00
4.553794499999999634e-02	2.498506299999999847e+00
4.472212799999999988e-02	2.487200899999999937e+00
4.388698499999999642e-02	2.453284499999999646e+00
4.286357600000000045e-02	2.543728100000000047e+00
4.172557099999999602e-02	2.487200899999999937e+00
4.056960300000000269e-02	2.622866400000000375e+00
3.949071499999999568e-02	2.656782800000000222e+00
3.851460000000000300e-02	2.668088199999999688e+00
3.753416400000000180e-02	2.735921000000000269e+00
3.649393000000000081e-02	2.713309999999999889e+00
3.549257600000000484e-02	2.702004600000000423e+00
3.459626899999999894e-02	2.724615399999999799e+00
3.366471899999999573e-02	2.713309999999999889e+00
3.250875100000000240e-02	2.690699200000000069e+00
3.120248899999999645e-02	2.679393600000000042e+00
3.006971399999999739e-02	2.702004600000000423e+00
2.923115999999999909e-02	2.747226399999999735e+00
2.842989500000000017e-02	2.702004600000000423e+00
2.745059600000000072e-02	2.702004600000000423e+00
2.635624699999999931e-02	2.702004600000000423e+00
2.530941899999999967e-02	2.668088199999999688e+00
2.435740500000000211e-02	2.724615399999999799e+00
2.339538700000000013e-02	2.781142899999999862e+00
2.232809499999999919e-02	2.769837199999999999e+00
2.123010700000000153e-02	2.724615399999999799e+00
2.025672100000000184e-02	2.713309999999999889e+00
1.940657099999999746e-02	2.690699200000000069e+00
1.851458400000000060e-02	2.702004600000000423e+00
1.747798699999999691e-02	2.724615399999999799e+00
1.636135500000000104e-02	2.690699200000000069e+00
1.528132999999999922e-02	2.690699200000000069e+00
1.429180000000000034e-02	2.702004600000000423e+00
1.335479300000000022e-02	2.690699200000000069e+00
1.237640399999999884e-02	2.713309999999999889e+00
1.129024000000000000e-02	2.634171799999999841e+00
1.013336300000000113e-02	2.724615399999999799e+00
9.098130200000000348e-03	2.758531800000000089e+00
8.285496700000000506e-03	2.724615399999999799e+00
7.459220800000000186e-03	2.679393600000000042e+00
6.418076699999999794e-03	2.724615399999999799e+00
5.252104500000000231e-03	2.769837199999999999e+00
4.076809999999999289e-03	2.679393600000000042e+00
2.942215399999999897e-03	2.645477399999999868e+00
1.890384700000000183e-03	2.690699200000000069e+00
8.938059199999999135e-04	2.679393600000000042e+00
-1.391526900000000062e-04	2.747226399999999735e+00
-1.241915000000000120e-03	2.690699200000000069e+00
-2.280785300000000120e-03	2.690699200000000069e+00
-3.123886900000000071e-03	2.611561000000000021e+00
-3.926061300000000323e-03	2.611561000000000021e+00
-4.941966800000000166e-03	2.656782800000000222e+00
-6.122036200000000039e-03	2.645477399999999868e+00
-7.240487299999999980e-03	2.668088199999999688e+00
-8.212737199999998669e-03	2.679393600000000042e+00
-9.054019799999998494e-03	2.679393600000000042e+00
-9.884615799999999647e-03	2.702004600000000423e+00
-1.092098499999999937e-02	2.656782800000000222e+00
-1.211492400000000087e-02	2.679393600000000042e+00
-1.318972000000000026e-02	2.656782800000000222e+00
-1.415469299999999944e-02	2.713309999999999889e+00
-1.520652399999999904e-02	2.769837199999999999e+00
-1.629678099999999977e-02	2.679393600000000042e+00
-1.729972600000000138e-02	2.668088199999999688e+00
-1.825696899999999789e-02	2.690699200000000069e+00
-1.927332999999999824e-02	2.679393600000000042e+00
-2.039610099999999981e-02	2.656782800000000222e+00
-2.154683899999999819e-02	2.622866400000000375e+00
-2.260208000000000009e-02	2.679393600000000042e+00
-2.355727699999999800e-02	2.645477399999999868e+00
-2.447586700000000184e-02	2.622866400000000375e+00
-2.542083200000000084e-02	2.611561000000000021e+00
-2.645924700000000171e-02	2.622866400000000375e+00
-2.753540699999999786e-02	2.600255600000000111e+00
-2.850856600000000254e-02	2.577644499999999894e+00
-2.937099500000000044e-02	2.622866400000000375e+00
-3.024729299999999801e-02	2.645477399999999868e+00
-3.126433499999999727e-02	2.634171799999999841e+00
-3.241780200000000250e-02	2.668088199999999688e+00
-3.358422900000000016e-02	2.668088199999999688e+00
-3.468107899999999660e-02	2.634171799999999841e+00
-3.570880799999999466e-02	2.634171799999999841e+00
-3.670857000000000286e-02	2.611561000000000021e+00
-3.768695899999999904e-02	2.600255600000000111e+00
-3.862305700000000230e-02	2.622866400000000375e+00
-3.957552500000000029e-02	2.679393600000000042e+00
-4.062621900000000508e-02	2.690699200000000069e+00
-4.172898099999999832e-02	2.577644499999999894e+00
-4.279536399999999546e-02	2.634171799999999841e+00
-4.384310199999999491e-02	2.600255600000000111e+00
-4.491494099999999989e-02	2.566339099999999984e+00
-4.602270600000000350e-02	2.622866400000000375e+00
-4.714865999999999502e-02	2.668088199999999688e+00
-4.818889499999999548e-02	2.668088199999999688e+00
-4.913658800000000187e-02	2.600255600000000111e+00
-5.014885599999999860e-02	2.555033499999999957e+00
-5.121069099999999569e-02	2.588949899999999804e+00
-5.217407300000000137e-02	2.588949899999999804e+00
-5.309743800000000374e-02	2.577644499999999894e+00
-5.412357500000000016e-02	2.634171799999999841e+00
-5.523907000000000123e-02	2.588949899999999804e+00
-5.633592099999999714e-02	2.600255600000000111e+00
-5.733932099999999865e-02	2.600255600000000111e+00
-5.830952399999999453e-02	2.622866400000000375e+00
-5.934998600000000041e-02	2.566339099999999984e+00
-6.039999800000000335e-02	2.577644499999999894e+00
-6.140953700000000709e-02	2.577644499999999894e+00
-6.250365899999998920e-02	2.566339099999999984e+00
-6.365030500000000424e-02	2.577644499999999894e+00
-6.466211700000000506e-02	2.622866400000000375e+00
-6.560844700000000029e-02	2.577644499999999894e+00
-6.664345199999999192e-02	2.622866400000000375e+00
-6.771347199999999678e-02	2.600255600000000111e+00
-6.873483499999999413e-02	2.634171799999999841e+00
-6.967775299999999505e-02	2.622866400000000375e+00
-7.058861200000000891e-02	2.600255600000000111e+00
-7.163202999999999931e-02	2.634171799999999841e+00
-7.282210399999999861e-02	2.622866400000000375e+00
-7.395124200000000037e-02	2.577644499999999894e+00
-7.492963099999999654e-02	2.588949899999999804e+00
-7.589187599999999700e-02	2.611561000000000021e+00
-7.691437499999999317e-02	2.588949899999999804e+00
-7.792823499999999848e-02	2.611561000000000021e+00
-7.892776899999999485e-02	2.622866400000000375e+00
-7.994913200000000608e-02	2.611561000000000021e+00
-8.100209900000000796e-02	2.611561000000000021e+00
-8.212327900000000735e-02	2.555033499999999957e+00
-8.326264800000000854e-02	2.532422699999999693e+00
-8.432289199999999652e-02	2.487200899999999937e+00
-8.536198899999999923e-02	2.566339099999999984e+00
-8.644474300000000444e-02	2.555033499999999957e+00
-8.749043399999999193e-02	2.521117300000000228e+00
-8.848905999999999439e-02	2.600255600000000111e+00
-8.952997599999999723e-02	2.521117300000000228e+00
-9.058044299999999660e-02	2.475895500000000027e+00
-9.158588900000000366e-02	2.475895500000000027e+00
-9.261134399999999822e-02	2.543728100000000047e+00
-9.370001000000000024e-02	2.543728100000000047e+00
-9.482550900000000227e-02	2.475895500000000027e+00
-9.594873499999999333e-02	2.521117300000000228e+00
-9.701261699999999544e-02	2.464589900000000000e+00
-9.801374300000000039e-02	2.509811700000000201e+00
-9.905875199999999992e-02	2.577644499999999894e+00
-1.001817500000000000e-01	2.577644499999999894e+00
-1.012306300000000020e-01	2.487200899999999937e+00
-1.021305700000000038e-01	2.498506299999999847e+00
-1.029884499999999953e-01	2.521117300000000228e+00
-1.038954500000000003e-01	2.543728100000000047e+00
-1.049120299999999895e-01	2.509811700000000201e+00
-1.060557199999999922e-01	2.521117300000000228e+00
-1.072003200000000017e-01	2.532422699999999693e+00
-1.082180500000000101e-01	2.532422699999999693e+00
-1.091580099999999998e-01	2.509811700000000201e+00
-1.101384400000000041e-01	2.577644499999999894e+00
-1.111920900000000073e-01	2.634171799999999841e+00
-1.122875799999999979e-01	2.611561000000000021e+00
-1.133832899999999977e-01	2.611561000000000021e+00
-1.144401300000000010e-01	2.634171799999999841e+00
-1.154437499999999978e-01	2.577644499999999894e+00
-1.164478399999999969e-01	2.577644499999999894e+00
-1.175237699999999996e-01	2.611561000000000021e+00
-1.186549500000000090e-01	2.521117300000000228e+00
-1.197754499999999916e-01	2.555033499999999957e+00
-1.208320600000000189e-01	2.566339099999999984e+00
-1.217918000000000056e-01	2.588949899999999804e+00
-1.227119799999999983e-01	2.555033499999999957e+00
-1.237388000000000099e-01	2.498506299999999847e+00
-1.249654800000000038e-01	2.509811700000000201e+00
-1.263115299999999774e-01	2.509811700000000201e+00
-1.275668599999999764e-01	2.588949899999999804e+00
-1.285634400000000011e-01	2.555033499999999957e+00
-1.293649300000000169e-01	2.600255600000000111e+00
-1.302603300000000075e-01	2.555033499999999957e+00
-1.313667299999999871e-01	2.543728100000000047e+00
-1.324531199999999798e-01	2.475895500000000027e+00
-1.334074100000000040e-01	2.509811700000000201e+00
-1.344408199999999887e-01	2.521117300000000228e+00
-1.356047499999999961e-01	2.566339099999999984e+00
-1.366806799999999988e-01	2.588949899999999804e+00
-1.376383800000000046e-01	2.566339099999999984e+00
-1.386249599999999915e-01	2.555033499999999957e+00
-1.396497299999999997e-01	2.543728100000000047e+00
-1.406840499999999772e-01	2.509811700000000201e+00
-1.418061399999999972e-01	2.509811700000000201e+00
-1.430366899999999941e-01	2.498506299999999847e+00
-1.442340400000000078e-01	2.475895500000000027e+00
-1.452779100000000101e-01	2.487200899999999937e+00
-1.462219600000000119e-01	2.566339099999999984e+00
-1.471962599999999954e-01	2.577644499999999894e+00
-1.482214899999999835e-01	2.475895500000000027e+00
-1.492021500000000056e-01	2.532422699999999693e+00
-1.501618999999999871e-01	2.543728100000000047e+00
-1.512521500000000019e-01	2.509811700000000201e+00
-1.524360900000000241e-01	2.441979100000000180e+00
-1.535224800000000167e-01	2.475895500000000027e+00
-1.545447500000000085e-01	2.487200899999999937e+00
-1.556748000000000021e-01	2.453284499999999646e+00
-1.568496399999999846e-01	2.464589900000000000e+00
-1.579380799999999807e-01	2.475895500000000027e+00
-1.589569400000000188e-01	2.498506299999999847e+00
-1.599023599999999934e-01	2.566339099999999984e+00
-1.608150299999999977e-01	2.588949899999999804e+00
-1.618930099999999761e-01	2.566339099999999984e+00
-1.631908599999999931e-01	2.634171799999999841e+00
-1.644291400000000014e-01	2.622866400000000375e+00
-1.653825200000000051e-01	2.543728100000000047e+00
-1.662065199999999965e-01	2.475895500000000027e+00
-1.671187400000000156e-01	2.543728100000000047e+00
-1.681562500000000071e-01	2.543728100000000047e+00
-1.692922099999999985e-01	2.532422699999999693e+00
-1.704356700000000113e-01	2.611561000000000021e+00
-1.715086500000000125e-01	2.543728100000000047e+00
-1.725154600000000094e-01	2.464589900000000000e+00
-1.734868000000000243e-01	2.509811700000000201e+00
-1.745138400000000034e-01	2.566339099999999984e+00
-1.756332000000000171e-01	2.555033499999999957e+00
-1.767380100000000009e-01	2.645477399999999868e+00
-1.777707399999999827e-01	2.566339099999999984e+00
-1.787759600000000115e-01	2.577644499999999894e+00
-1.797709500000000127e-01	2.588949899999999804e+00
-1.808116399999999957e-01	2.600255600000000111e+00
-1.820103499999999874e-01	2.600255600000000111e+00
-1.832627299999999848e-01	2.577644499999999894e+00
-1.843227400000000127e-01	2.656782800000000222e+00
-1.852170000000000205e-01	2.713309999999999889e+00
-1.861967600000000167e-01	2.611561000000000021e+00
-1.873283999999999783e-01	2.600255600000000111e+00
-1.884807300000000130e-01	2.690699200000000069e+00
-1.896160000000000068e-01	2.634171799999999841e+00
-1.907169499999999962e-01	2.611561000000000021e+00
-1.917114800000000174e-01	2.611561000000000021e+00
-1.926878199999999819e-01	2.622866400000000375e+00
-1.937844400000000022e-01	2.622866400000000375e+00
-1.949354100000000034e-01	2.622866400000000375e+00
-1.959808700000000015e-01	2.588949899999999804e+00
-1.968867300000000098e-01	2.543728100000000047e+00
-1.977857699999999996e-01	2.588949899999999804e+00
-1.988255499999999898e-01	2.611561000000000021e+00
-2.000040199999999768e-01	2.588949899999999804e+00
-2.011918199999999934e-01	2.566339099999999984e+00
-2.022538899999999917e-01	2.566339099999999984e+00
-2.031977100000000036e-01	2.600255600000000111e+00
-2.041692799999999808e-01	2.611561000000000021e+00
-2.052645399999999953e-01	2.645477399999999868e+00
-2.064421099999999842e-01	2.566339099999999984e+00
-2.075271399999999988e-01	2.555033499999999957e+00
-2.084352700000000058e-01	2.577644499999999894e+00
-2.093761400000000161e-01	2.600255600000000111e+00
-2.104743500000000045e-01	2.611561000000000021e+00
-2.115600599999999942e-01	2.566339099999999984e+00
-2.125693800000000022e-01	2.521117300000000228e+00
-2.136705499999999869e-01	2.611561000000000021e+00
-2.148983600000000105e-01	2.588949899999999804e+00
-2.160343200000000019e-01	2.588949899999999804e+00
-2.170245399999999880e-01	2.577644499999999894e+00
-2.180806899999999937e-01	2.611561000000000021e+00
-2.192266500000000229e-01	2.622866400000000375e+00
-2.203039499999999984e-01	2.611561000000000021e+00
-2.212939299999999998e-01	2.532422699999999693e+00
-2.222750500000000018e-01	2.532422699999999693e+00
-2.233348400000000067e-01	2.566339099999999984e+00
-2.244733000000000145e-01	2.566339099999999984e+00
-2.255776500000000184e-01	2.600255600000000111e+00
-2.266128800000000165e-01	2.611561000000000021e+00
-2.276558499999999929e-01	2.600255600000000111e+00
-2.288059000000000065e-01	2.543728100000000047e+00
-2.300362200000000135e-01	2.622866400000000375e+00
-2.311787700000000056e-01	2.622866400000000375e+00
-2.322060499999999972e-01	2.690699200000000069e+00
-2.332462800000000003e-01	2.702004600000000423e+00
-2.343194899999999914e-01	2.668088199999999688e+00
-2.353804100000000121e-01	2.634171799999999841e+00
-2.364893100000000081e-01	2.634171799999999841e+00
-2.376343699999999837e-01	2.690699200000000069e+00
-2.386714200000000230e-01	2.634171799999999841e+00
-2.396558299999999864e-01	2.600255600000000111e+00
-2.407589400000000046e-01	2.577644499999999894e+00
-2.419213800000000192e-01	2.577644499999999894e+00
-2.429729899999999998e-01	2.634171799999999841e+00
-2.438932799999999901e-01	2.634171799999999841e+00
-2.448232399999999975e-01	2.611561000000000021e+00
-2.459003100000000108e-01	2.611561000000000021e+00
-2.470758299999999685e-01	2.555033499999999957e+00
-2.481499499999999803e-01	2.555033499999999957e+00
-2.490676300000000121e-01	2.555033499999999957e+00
-2.500263500000000083e-01	2.577644499999999894e+00
-2.512021000000000392e-01	2.566339099999999984e+00
-2.525370100000000062e-01	2.543728100000000047e+00
-2.537897199999999964e-01	2.566339099999999984e+00
-2.548357500000000275e-01	2.543728100000000047e+00
-2.558474500000000318e-01	2.555033499999999957e+00
-2.569389599999999940e-01	2.543728100000000047e+00
-2.580010200000000253e-01	2.487200899999999937e+00
-2.590321600000000113e-01	2.464589900000000000e+00
-2.601280999999999732e-01	2.532422699999999693e+00
-2.612649699999999853e-01	2.543728100000000047e+00
-2.623814899999999950e-01	2.634171799999999841e+00
-2.634703800000000040e-01	2.521117300000000228e+00
-2.645410899999999788e-01	2.532422699999999693e+00
-2.655657499999999893e-01	2.543728100000000047e+00
-2.665531199999999767e-01	2.543728100000000047e+00
-2.676441700000000146e-01	2.588949899999999804e+00
-2.688966600000000096e-01	2.588949899999999804e+00
-2.701158300000000012e-01	2.577644499999999894e+00
-2.711419699999999544e-01	2.577644499999999894e+00
-2.720398700000000169e-01	2.555033499999999957e+00
-2.729154899999999828e-01	2.622866400000000375e+00
-2.738687499999999941e-01	2.543728100000000047e+00
-2.750132400000000477e-01	2.600255600000000111e+00
-2.763177900000000076e-01	2.634171799999999841e+00
-2.775891500000000067e-01	2.611561000000000021e+00
-2.787246600000000130e-01	2.543728100000000047e+00
-2.798218500000000386e-01	2.668088199999999688e+00
-2.809265400000000024e-01	2.611561000000000021e+00
-2.819615499999999497e-01	2.656782800000000222e+00
-2.829320900000000250e-01	2.645477399999999868e+00
-2.839199199999999923e-01	2.622866400000000375e+00
-2.849708400000000030e-01	2.611561000000000021e+00
-2.860862200000000022e-01	2.577644499999999894e+00
-2.872154699999999727e-01	2.521117300000000228e+00
-2.883037999999999990e-01	2.566339099999999984e+00
-2.893808600000000175e-01	2.600255600000000111e+00
-2.904608900000000271e-01	2.555033499999999957e+00
-2.915074899999999802e-01	2.588949899999999804e+00
-2.925692100000000240e-01	2.600255600000000111e+00
-2.936858399999999758e-01	2.600255600000000111e+00
-2.948480599999999674e-01	2.588949899999999804e+00
-2.960658800000000035e-01	2.611561000000000021e+00
-2.972366200000000069e-01	2.532422699999999693e+00
-2.982733300000000032e-01	2.543728100000000047e+00
-2.992829900000000265e-01	2.498506299999999847e+00
-3.003253800000000306e-01	2.555033499999999957e+00
-3.013611800000000063e-01	2.588949899999999804e+00
-3.024108499999999533e-01	2.588949899999999804e+00
-3.034965600000000263e-01	2.588949899999999804e+00
-3.046087599999999784e-01	2.588949899999999804e+00
-3.057590400000000375e-01	2.611561000000000021e+00
-3.069361600000000134e-01	2.611561000000000021e+00
-3.080266399999999627e-01	2.532422699999999693e+00
-3.089802500000000118e-01	2.588949899999999804e+00
-3.099660300000000035e-01	2.577644499999999894e+00
-3.110562799999999628e-01	2.509811700000000201e+00
-3.121226699999999910e-01	2.521117300000000228e+00
-3.131576699999999991e-01	2.543728100000000047e+00
-3.142388299999999690e-01	2.532422699999999693e+00
-3.153433000000000486e-01	2.532422699999999693e+00
-3.164109299999999791e-01	2.634171799999999841e+00
-3.174503699999999817e-01	2.566339099999999984e+00
-3.185397199999999707e-01	2.600255600000000111e+00
-3.196952299999999969e-01	2.543728100000000047e+00
-3.208424500000000013e-01	2.566339099999999984e+00
-3.219782900000000003e-01	2.521117300000000228e+00
-3.231327800000000083e-01	2.521117300000000228e+00
-3.242279299999999975e-01	2.566339099999999984e+00
-3.252330299999999785e-01	2.577644499999999894e+00
-3.262673500000000115e-01	2.588949899999999804e+00
-3.273903499999999966e-01	2.555033499999999957e+00
-3.285081199999999590e-01	2.600255600000000111e+00
-3.295793899999999721e-01	2.611561000000000021e+00
-3.306616900000000081e-01	2.588949899999999804e+00
-3.317500200000000343e-01	2.588949899999999804e+00
-3.328345900000000412e-01	2.555033499999999957e+00
-3.339445099999999722e-01	2.532422699999999693e+00
-3.350602400000000092e-01	2.588949899999999804e+00
-3.361513999999999891e-01	2.543728100000000047e+00
-3.372050499999999507e-01	2.555033499999999957e+00
-3.382480099999999879e-01	2.566339099999999984e+00
-3.393560100000000412e-01	2.543728100000000047e+00
-3.405127700000000202e-01	2.600255600000000111e+00
-3.416299700000000050e-01	2.577644499999999894e+00
-3.427199999999999691e-01	2.543728100000000047e+00
-3.438523199999999891e-01	2.543728100000000047e+00
-3.450039699999999931e-01	2.566339099999999984e+00
-3.460985500000000048e-01	2.577644499999999894e+00
-3.471584500000000073e-01	2.555033499999999957e+00
-3.482232399999999894e-01	2.588949899999999804e+00
-3.492129999999999956e-01	2.532422699999999693e+00
-3.501833100000000254e-01	2.532422699999999693e+00
-3.513905500000000237e-01	2.566339099999999984e+00
-3.527799199999999691e-01	2.600255600000000111e+00
-3.539572599999999958e-01	2.566339099999999984e+00
-3.548309500000000338e-01	2.611561000000000021e+00
-3.557054199999999944e-01	2.588949899999999804e+00
-3.567931799999999876e-01	2.532422699999999693e+00
-3.580550999999999595e-01	2.611561000000000021e+00
-3.593345399999999801e-01	2.611561000000000021e+00
-3.604497999999999869e-01	2.600255600000000111e+00
-3.613611199999999801e-01	2.566339099999999984e+00
-3.622627700000000117e-01	2.622866400000000375e+00
-3.633367700000000311e-01	2.577644499999999894e+00
-3.645010300000000036e-01	2.577644499999999894e+00
-3.655931099999999989e-01	2.566339099999999984e+00
-3.666251600000000055e-01	2.600255600000000111e+00
-3.676922199999999585e-01	2.577644499999999894e+00
-3.688236299999999579e-01	2.555033499999999957e+00
-3.699893800000000343e-01	2.555033499999999957e+00
-3.711950300000000369e-01	2.521117300000000228e+00
-3.724485399999999946e-01	2.566339099999999984e+00
-3.736568000000000112e-01	2.577644499999999894e+00
-3.747464900000000432e-01	2.566339099999999984e+00
-3.757746800000000276e-01	2.543728100000000047e+00
-3.768254799999999904e-01	2.566339099999999984e+00
-3.779114199999999979e-01	2.543728100000000047e+00
-3.789748499999999742e-01	2.588949899999999804e+00
-3.800270199999999932e-01	2.656782800000000222e+00
-3.811843500000000051e-01	2.588949899999999804e+00
-3.824184199999999811e-01	2.577644499999999894e+00
-3.835712099999999958e-01	2.611561000000000021e+00
-3.845829000000000053e-01	2.543728100000000047e+00
-3.854886500000000438e-01	2.611561000000000021e+00
-3.864846600000000354e-01	2.611561000000000021e+00
-3.877250899999999945e-01	2.634171799999999841e+00
-3.889756499999999506e-01	2.611561000000000021e+00
-3.900601100000000154e-01	2.588949899999999804e+00
-3.911297900000000327e-01	2.588949899999999804e+00
-3.922344799999999965e-01	2.588949899999999804e+00
-3.933228100000000227e-01	2.622866400000000375e+00
-3.944066999999999990e-01	2.611561000000000021e+00
-3.954828599999999916e-01	2.577644499999999894e+00
-3.965986899999999760e-01	2.555033499999999957e+00
-3.977668299999999602e-01	2.566339099999999984e+00
-3.988734500000000183e-01	2.577644499999999894e+00
-3.998871999999999982e-01	2.600255600000000111e+00
-4.009068599999999760e-01	2.588949899999999804e+00
-4.020424699999999851e-01	2.577644499999999894e+00
-4.032946199999999926e-01	2.622866400000000375e+00
-4.044953800000000155e-01	2.656782800000000222e+00
-4.055284499999999848e-01	2.713309999999999889e+00
-4.064910399999999702e-01	2.690699200000000069e+00
-4.075188799999999723e-01	2.713309999999999889e+00
-4.086219899999999905e-01	2.679393600000000042e+00
-4.097529400000000099e-01	2.713309999999999889e+00
-4.108921999999999852e-01	2.656782800000000222e+00
-4.120412299999999806e-01	2.645477399999999868e+00
-4.131887900000000280e-01	2.645477399999999868e+00
-4.142883700000000169e-01	2.645477399999999868e+00
-4.153331499999999843e-01	2.634171799999999841e+00
-4.163563299999999967e-01	2.588949899999999804e+00
-4.173593899999999968e-01	2.555033499999999957e+00
-4.183999600000000152e-01	2.588949899999999804e+00
-4.195452399999999860e-01	2.588949899999999804e+00
-4.207146299999999783e-01	2.543728100000000047e+00
-4.218164799999999937e-01	2.611561000000000021e+00
-4.228892300000000048e-01	2.690699200000000069e+00
-4.239819899999999753e-01	2.634171799999999841e+00
-4.250799699999999737e-01	2.588949899999999804e+00
-4.261677299999999669e-01	2.566339099999999984e+00
-4.272708299999999904e-01	2.566339099999999984e+00
-4.284253199999999984e-01	2.543728100000000047e+00
-4.296407500000000157e-01	2.600255600000000111e+00
-4.308294599999999974e-01	2.611561000000000021e+00
-4.318455900000000014e-01	2.577644499999999894e+00
-4.328087499999999643e-01	2.622866400000000375e+00
-4.339780199999999644e-01	2.634171799999999841e+00
-4.351998099999999647e-01	2.622866400000000375e+00
-4.362118500000000121e-01	2.600255600000000111e+00
-4.371772800000000014e-01	2.634171799999999841e+00
-4.383391600000000055e-01	2.645477399999999868e+00
-4.396297299999999963e-01	2.645477399999999868e+00
-4.408382200000000029e-01	2.622866400000000375e+00
-4.419031299999999773e-01	2.566339099999999984e+00
-4.429257400000000122e-01	2.588949899999999804e+00
-4.439726800000000084e-01	2.588949899999999804e+00
-4.450269000000000030e-01	2.600255600000000111e+00
-4.461115900000000023e-01	2.566339099999999984e+00
-4.473206399999999916e-01	2.611561000000000021e+00
-4.486594200000000310e-01	2.622866400000000375e+00
-4.499528400000000206e-01	2.622866400000000375e+00
-4.510665100000000316e-01	2.600255600000000111e+00
-4.521001499999999784e-01	2.555033499999999957e+00
-4.531807500000000211e-01	2.600255600000000111e+00
-4.542935100000000115e-01	2.555033499999999957e+00
-4.553949099999999861e-01	2.555033499999999957e+00
-4.564374199999999826e-01	2.600255600000000111e+00
-4.574160400000000237e-01	2.634171799999999841e+00
-4.584584300000000279e-01	2.622866400000000375e+00
-4.596388399999999930e-01	2.588949899999999804e+00
-4.608361899999999789e-01	2.588949899999999804e+00
-4.619488400000000272e-01	2.543728100000000047e+00
-4.630288700000000368e-01	2.555033499999999957e+00
-4.641472099999999767e-01	2.532422699999999693e+00
-4.653340999999999728e-01	2.600255600000000111e+00
-4.665681700000000043e-01	2.588949899999999804e+00
-4.677393700000000432e-01	2.532422699999999693e+00
-4.688011999999999735e-01	2.588949899999999804e+00
-4.698748600000000053e-01	2.600255600000000111e+00
-4.710327599999999948e-01	2.566339099999999984e+00
-4.721624700000000008e-01	2.566339099999999984e+00
-4.732528400000000079e-01	2.532422699999999693e+00
-4.744874800000000170e-01	2.600255600000000111e+00
-4.758030599999999999e-01	2.600255600000000111e+00
-4.768820599999999965e-01	2.600255600000000111e+00
-4.777352799999999844e-01	2.532422699999999693e+00
-4.787489199999999667e-01	2.543728100000000047e+00
-4.800630199999999514e-01	2.611561000000000021e+00
-4.813435899999999878e-01	2.577644499999999894e+00
-4.823830299999999904e-01	2.543728100000000047e+00
-4.833987099999999537e-01	2.566339099999999984e+00
-4.844915800000000328e-01	2.588949899999999804e+00
-4.854974800000000368e-01	2.577644499999999894e+00
-4.864407399999999826e-01	2.588949899999999804e+00
-4.875514599999999921e-01	2.588949899999999804e+00
-4.888498799999999589e-01	2.588949899999999804e+00
-4.900908800000000065e-01	2.600255600000000111e+00
-4.911544199999999805e-01	2.577644499999999894e+00
-4.922205800000000187e-01	2.566339099999999984e+00
-4.934710200000000380e-01	2.577644499999999894e+00
-4.947580699999999387e-01	2.555033499999999957e+00
-4.958224099999999357e-01	2.532422699999999693e+00
-4.967504300000000206e-01	2.532422699999999693e+00
-4.978503500000000526e-01	2.543728100000000047e+00
-4.991767400000000077e-01	2.555033499999999957e+00
-5.004612800000000084e-01	2.532422699999999693e+00
-5.015235700000000296e-01	2.521117300000000228e+00
-5.025124199999999597e-01	2.487200899999999937e+00
-5.036159799999999631e-01	2.634171799999999841e+00
-5.048232200000000169e-01	2.622866400000000375e+00
-5.060570599999999475e-01	2.588949899999999804e+00
-5.072657799999999995e-01	2.611561000000000021e+00
-5.084016299999999378e-01	2.611561000000000021e+00
-5.094619799999999810e-01	2.622866400000000375e+00
-5.104939200000000454e-01	2.588949899999999804e+00
-5.115489300000000128e-01	2.509811700000000201e+00
-5.126430600000000393e-01	2.532422699999999693e+00
-5.137536600000000009e-01	2.521117300000000228e+00
-5.148751799999999879e-01	2.555033499999999957e+00
-5.160138699999999856e-01	2.532422699999999693e+00
-5.171830299999999880e-01	2.555033499999999957e+00
-5.183991300000000413e-01	2.543728100000000047e+00
-5.195507799999999898e-01	2.577644499999999894e+00
-5.205216699999999364e-01	2.600255600000000111e+00
-5.214618600000000548e-01	2.600255600000000111e+00
-5.225939499999999738e-01	2.532422699999999693e+00
-5.238485999999999976e-01	2.487200899999999937e+00
-5.249845599999999335e-01	2.498506299999999847e+00
-5.260146700000000175e-01	2.521117300000000228e+00
-5.271349400000000518e-01	2.532422699999999693e+00
-5.283152399999999638e-01	2.600255600000000111e+00
-5.294401699999999877e-01	2.555033499999999957e+00
-5.306172900000000192e-01	2.577644499999999894e+00
-5.319109300000000040e-01	2.588949899999999804e+00
-5.331344299999999370e-01	2.622866400000000375e+00
-5.342271800000000237e-01	2.577644499999999894e+00
-5.353510900000000294e-01	2.555033499999999957e+00
-5.365288900000000361e-01	2.577644499999999894e+00
-5.376835999999999283e-01	2.588949899999999804e+00
-5.388476400000000721e-01	2.555033499999999957e+00
-5.400312400000000235e-01	2.532422699999999693e+00
-5.411437799999999632e-01	2.611561000000000021e+00
-5.421659399999999573e-01	2.690699200000000069e+00
-5.431891199999999698e-01	2.656782800000000222e+00
-5.442906299999999975e-01	2.668088199999999688e+00
-5.455240199999999984e-01	2.634171799999999841e+00
-5.468189099999999359e-01	2.622866400000000375e+00
-5.479299699999999884e-01	2.668088199999999688e+00
-5.488692499999999752e-01	2.656782800000000222e+00
-5.499341599999999497e-01	2.645477399999999868e+00
-5.511169499999999388e-01	2.588949899999999804e+00
-5.522248299999999999e-01	2.622866400000000375e+00
-5.532995099999999944e-01	2.622866400000000375e+00
-5.544214899999999613e-01	2.645477399999999868e+00
-5.555906499999999637e-01	2.634171799999999841e+00
-5.567808300000000044e-01	2.622866400000000375e+00
-5.579177000000000719e-01	2.645477399999999868e+00
-5.590123900000000257e-01	2.645477399999999868e+00
-5.601655199999999724e-01	2.668088199999999688e+00
-5.613726399999999783e-01	2.622866400000000375e+00
-5.625258800000000337e-01	2.645477399999999868e+00
-5.636021599999999632e-01	2.656782800000000222e+00
-5.647162900000000096e-01	2.600255600000000111e+00
-5.659467200000000142e-01	2.690699200000000069e+00
-5.671956800000000909e-01	2.656782800000000222e+00
-5.683006099999999838e-01	2.679393600000000042e+00
-5.692755800000000033e-01	2.668088199999999688e+00
-5.703460599999999880e-01	2.634171799999999841e+00
-5.716281099999999116e-01	2.611561000000000021e+00
-5.729353900000000444e-01	2.645477399999999868e+00
-5.740978400000000814e-01	2.611561000000000021e+00
-5.752073099999999162e-01	2.634171799999999841e+00
-5.763759000000000521e-01	2.566339099999999984e+00
-5.775385699999999733e-01	2.577644499999999894e+00
-5.786140499999999909e-01	2.668088199999999688e+00
-5.796518999999999977e-01	2.656782800000000222e+00
-5.807409000000000043e-01	2.645477399999999868e+00
-5.818877800000000766e-01	2.656782800000000222e+00
-5.830771699999999225e-01	2.645477399999999868e+00
-5.843215800000000071e-01	2.645477399999999868e+00
-5.855631600000000825e-01	2.634171799999999841e+00
-5.867019600000000779e-01	2.645477399999999868e+00
-5.877408299999999919e-01	2.645477399999999868e+00
-5.887552600000000025e-01	2.577644499999999894e+00
-5.898152700000000026e-01	2.555033499999999957e+00
-5.909446400000000210e-01	2.600255600000000111e+00
-5.920891200000000243e-01	2.668088199999999688e+00
-5.932557800000000103e-01	2.645477399999999868e+00
-5.944922299999999549e-01	2.645477399999999868e+00
-5.956957200000000396e-01	2.555033499999999957e+00
-5.967488100000000184e-01	2.588949899999999804e+00
-5.977067299999999639e-01	2.600255600000000111e+00
-5.987246800000000091e-01	2.611561000000000021e+00
-5.998758800000000280e-01	2.588949899999999804e+00
-6.010949399999999665e-01	2.543728100000000047e+00
-6.022852399999999440e-01	2.600255600000000111e+00
-6.033992599999999928e-01	2.622866400000000375e+00
-6.044842799999999849e-01	2.600255600000000111e+00
-6.056619699999999940e-01	2.645477399999999868e+00
-6.069458300000000195e-01	2.668088199999999688e+00
-6.081569399999999792e-01	2.735921000000000269e+00
-6.092268399999999362e-01	2.724615399999999799e+00
-6.103274499999999936e-01	2.645477399999999868e+00
-6.115017200000000264e-01	2.645477399999999868e+00
-6.126230099999999679e-01	2.656782800000000222e+00
-6.137104300000000290e-01	2.634171799999999841e+00
-6.148508200000000201e-01	2.611561000000000021e+00
-6.159972400000000015e-01	2.634171799999999841e+00
-6.171172799999999903e-01	2.634171799999999841e+00
-6.182923499999999351e-01	2.645477399999999868e+00
-6.195433599999999874e-01	2.656782800000000222e+00
-6.207897100000000501e-01	2.656782800000000222e+00
-6.219680700000000950e-01	2.656782800000000222e+00
-6.230714000000000530e-01	2.690699200000000069e+00
-6.241803000000000212e-01	2.690699200000000069e+00
-6.253929999999999767e-01	2.645477399999999868e+00
-6.266477599999999981e-01	2.645477399999999868e+00
-6.277771300000000165e-01	2.588949899999999804e+00
-6.287414199999999953e-01	2.600255600000000111e+00
-6.297123000000000026e-01	2.611561000000000021e+00
-6.308625900000000009e-01	2.679393600000000042e+00
-6.321244000000000307e-01	2.634171799999999841e+00
-6.333434600000000803e-01	2.622866400000000375e+00
-6.345112499999999711e-01	2.588949899999999804e+00
-6.356522099999999398e-01	2.566339099999999984e+00
-6.367498600000000009e-01	2.679393600000000042e+00
-6.378519400000000061e-01	2.735921000000000269e+00
-6.390107499999999607e-01	2.781142899999999862e+00
-6.401438700000000592e-01	2.724615399999999799e+00
-6.411565899999999152e-01	2.724615399999999799e+00
-6.421490800000000387e-01	2.702004600000000423e+00
-6.432749199999999723e-01	2.690699200000000069e+00
-6.445210399999999895e-01	2.702004600000000423e+00
-6.458227500000000010e-01	2.690699200000000069e+00
-6.471292399999999390e-01	2.713309999999999889e+00
-6.483372800000000158e-01	2.679393600000000042e+00
-6.494557300000000089e-01	2.679393600000000042e+00
-6.506066899999999320e-01	2.690699200000000069e+00
-6.517800599999999944e-01	2.690699200000000069e+00
-6.528981699999999444e-01	2.668088199999999688e+00
-6.539374900000000101e-01	2.634171799999999841e+00
-6.549228099999999664e-01	2.656782800000000222e+00
-6.560223899999999553e-01	2.622866400000000375e+00
-6.573828800000000028e-01	2.668088199999999688e+00
-6.588166999999999218e-01	2.668088199999999688e+00
-6.600414500000000295e-01	2.656782800000000222e+00
-6.610923699999999847e-01	2.622866400000000375e+00
-6.621682999999999319e-01	2.668088199999999688e+00
-6.633414400000000599e-01	2.645477399999999868e+00
-6.645706200000000008e-01	2.668088199999999688e+00
-6.657644500000000631e-01	2.634171799999999841e+00
-6.669083599999999779e-01	2.656782800000000222e+00
-6.680610299999999446e-01	2.690699200000000069e+00
-6.691772099999999668e-01	2.679393600000000042e+00
-6.702480299999999946e-01	2.645477399999999868e+00
-6.714245699999999983e-01	2.702004600000000423e+00
-6.727362900000000145e-01	2.724615399999999799e+00
-6.740065100000000031e-01	2.713309999999999889e+00
-6.751352000000000464e-01	2.656782800000000222e+00
-6.761772500000000630e-01	2.679393600000000042e+00
-6.772069099999999953e-01	2.679393600000000042e+00
-6.782673799999999753e-01	2.622866400000000375e+00
-6.793818600000000041e-01	2.679393600000000042e+00
-6.805794299999999852e-01	2.645477399999999868e+00
-6.818482900000000235e-01	2.634171799999999841e+00
-6.830953200000000614e-01	2.690699200000000069e+00
-6.842816399999999133e-01	2.679393600000000042e+00
-6.855169700000000033e-01	2.656782800000000222e+00
-6.868272099999999103e-01	2.622866400000000375e+00
-6.879837400000000658e-01	2.622866400000000375e+00
-6.889255200000000690e-01	2.656782800000000222e+00
-6.899694000000000660e-01	2.645477399999999868e+00
-6.912259799999999066e-01	2.702004600000000423e+00
-6.924360600000000199e-01	2.600255600000000111e+00
-6.935338199999999675e-01	2.622866400000000375e+00
-6.947091200000000688e-01	2.634171799999999841e+00
-6.959572800000000115e-01	2.645477399999999868e+00
-6.970893799999999807e-01	2.679393600000000042e+00
-6.981271100000000507e-01	2.656782800000000222e+00
-6.993199100000000445e-01	2.611561000000000021e+00
-7.007242900000000274e-01	2.634171799999999841e+00
-7.020660199999999573e-01	2.600255600000000111e+00
-7.031815100000000651e-01	2.679393600000000042e+00
-7.042262999999999717e-01	2.679393600000000042e+00
-7.053073399999999493e-01	2.634171799999999841e+00
-7.063529200000000507e-01	2.656782800000000222e+00
-7.073385899999999893e-01	2.611561000000000021e+00
-7.083784800000000326e-01	2.611561000000000021e+00
-7.096092500000000802e-01	2.668088199999999688e+00
-7.109351799999999999e-01	2.702004600000000423e+00
-7.121334400000000064e-01	2.702004600000000423e+00
-7.132417699999999972e-01	2.702004600000000423e+00
-7.144085399999999808e-01	2.634171799999999841e+00
-7.155952099999999261e-01	2.634171799999999841e+00
-7.167198000000000180e-01	2.611561000000000021e+00
-7.178380199999999656e-01	2.656782800000000222e+00
-7.189825100000000191e-01	2.645477399999999868e+00
-7.200205800000000211e-01	2.668088199999999688e+00
-7.209737299999999793e-01	2.713309999999999889e+00
-7.221272000000000801e-01	2.724615399999999799e+00
-7.235059899999999322e-01	2.668088199999999688e+00
-7.247916800000000492e-01	2.656782800000000222e+00
-7.258981899999999987e-01	2.645477399999999868e+00
-7.270317600000000269e-01	2.690699200000000069e+00
-7.282845900000000094e-01	2.645477399999999868e+00
-7.295947200000000299e-01	2.622866400000000375e+00
-7.308648300000000209e-01	2.690699200000000069e+00
-7.320298900000000719e-01	2.634171799999999841e+00
-7.331761899999998944e-01	2.600255600000000111e+00
-7.343785500000000743e-01	2.702004600000000423e+00
-7.355477000000000265e-01	2.668088199999999688e+00
-7.366903699999999278e-01	2.622866400000000375e+00
-7.378530399999999601e-01	2.668088199999999688e+00
-7.389303400000000188e-01	2.724615399999999799e+00
-7.399952400000000541e-01	2.713309999999999889e+00
-7.412440900000000221e-01	2.645477399999999868e+00
-7.425501300000000304e-01	2.634171799999999841e+00
-7.437073499999999893e-01	2.690699200000000069e+00
-7.447783900000000123e-01	2.702004600000000423e+00
-7.458629600000000748e-01	2.656782800000000222e+00
-7.469527599999999934e-01	2.645477399999999868e+00
-7.480803099999999706e-01	2.656782800000000222e+00
-7.493099500000000024e-01	2.724615399999999799e+00
-7.505883599999999545e-01	2.724615399999999799e+00
-7.517701300000000364e-01	2.702004600000000423e+00
-7.528448100000000309e-01	2.679393600000000042e+00
-7.539615600000000306e-01	2.713309999999999889e+00
-7.551396899999999190e-01	2.724615399999999799e+00
-7.562396099999999510e-01	2.724615399999999799e+00
-7.572857600000000300e-01	2.713309999999999889e+00
-7.584469600000000034e-01	2.747226399999999735e+00
-7.597281000000000173e-01	2.803753699999999682e+00
-7.610299200000000264e-01	2.769837199999999999e+00
-7.623284499999999353e-01	2.758531800000000089e+00
-7.636120899999999656e-01	2.690699200000000069e+00
-7.648334300000000363e-01	2.679393600000000042e+00
-7.659433499999999118e-01	2.747226399999999735e+00
-7.669701700000000066e-01	2.758531800000000089e+00
-7.680198499999999484e-01	2.713309999999999889e+00
-7.691354500000000538e-01	2.713309999999999889e+00
-7.702817599999999265e-01	2.724615399999999799e+00
-7.714269299999999552e-01	2.656782800000000222e+00
-7.725833500000000020e-01	2.702004600000000423e+00
-7.738195799999999513e-01	2.690699200000000069e+00
-7.751246999999999998e-01	2.702004600000000423e+00
-7.763265999999999778e-01	2.690699200000000069e+00
-7.773667200000000665e-01	2.656782800000000222e+00
-7.784270800000000490e-01	2.668088199999999688e+00
-7.796286400000000949e-01	2.656782800000000222e+00
-7.808956799999999809e-01	2.702004600000000423e+00
-7.821469100000000285e-01	2.668088199999999688e+00
-7.833727999999999803e-01	2.735921000000000269e+00
-7.845559400000000627e-01	2.702004600000000423e+00
-7.856947400000000581e-01	2.735921000000000269e+00
-7.868401299999999710e-01	2.645477399999999868e+00
-7.880572599999999817e-01	2.702004600000000423e+00
-7.893263499999999544e-01	2.735921000000000269e+00
-7.905162000000000022e-01	2.724615399999999799e+00
-7.916009999999999991e-01	2.702004600000000423e+00
-7.927044399999999547e-01	2.713309999999999889e+00
-7.939009900000000286e-01	2.690699200000000069e+00
-7.951899799999999630e-01	2.679393600000000042e+00
-7.964973699999999823e-01	2.690699200000000069e+00
-7.976969999999999894e-01	2.656782800000000222e+00
-7.987880500000000827e-01	2.735921000000000269e+00
-7.998983200000000515e-01	2.645477399999999868e+00
-8.010700899999999569e-01	2.634171799999999841e+00
-8.022133200000000075e-01	2.634171799999999841e+00
-8.033081299999998981e-01	2.588949899999999804e+00
-8.044602299999999984e-01	2.622866400000000375e+00
-8.056796299999999800e-01	2.634171799999999841e+00
-8.068773199999998980e-01	2.668088199999999688e+00
-8.080556899999999931e-01	2.656782800000000222e+00
-8.092561099999999730e-01	2.588949899999999804e+00
-8.104556199999999322e-01	2.600255600000000111e+00
-8.116130599999999973e-01	2.668088199999999688e+00
-8.127411799999999520e-01	2.679393600000000042e+00
-8.138774800000000420e-01	2.679393600000000042e+00
-8.150583399999999923e-01	2.668088199999999688e+00
-8.162752500000000078e-01	2.702004600000000423e+00
-8.174089300000000335e-01	2.634171799999999841e+00
-8.184613299999999869e-01	2.634171799999999841e+00
-8.196149100000000853e-01	2.656782800000000222e+00
-8.209162800000000537e-01	2.690699200000000069e+00
-8.222775700000000132e-01	2.645477399999999868e+00
-8.235676900000000744e-01	2.679393600000000042e+00
-8.246283899999999889e-01	2.611561000000000021e+00
-8.255765400000000254e-01	2.611561000000000021e+00
-8.267260200000000614e-01	2.622866400000000375e+00
-8.280430800000000424e-01	2.634171799999999841e+00
-8.292449800000000204e-01	2.577644499999999894e+00
-8.303106799999999676e-01	2.566339099999999984e+00
-8.314783599999999719e-01	2.622866400000000375e+00
-8.328267999999999782e-01	2.645477399999999868e+00
-8.340931600000000001e-01	2.645477399999999868e+00
-8.351248699999999081e-01	2.668088199999999688e+00
-8.361527100000000212e-01	2.668088199999999688e+00
-8.373530100000000642e-01	2.668088199999999688e+00
-8.386440400000000350e-01	2.622866400000000375e+00
-8.399019899999999872e-01	2.634171799999999841e+00
-8.410878499999999702e-01	2.611561000000000021e+00
-8.422536000000000467e-01	2.588949899999999804e+00
-8.433796700000000257e-01	2.566339099999999984e+00
-8.444036400000000109e-01	2.577644499999999894e+00
-8.454921999999999160e-01	2.577644499999999894e+00
-8.468018699999999566e-01	2.634171799999999841e+00
-8.481771399999999961e-01	2.634171799999999841e+00
-8.494797600000000282e-01	2.656782800000000222e+00
-8.507339499999999610e-01	2.634171799999999841e+00
-8.518979899999999938e-01	2.656782800000000222e+00
-8.529444800000000049e-01	2.679393600000000042e+00
-8.539686899999999747e-01	2.588949899999999804e+00
-8.550456400000000512e-01	2.668088199999999688e+00
-8.561711399999999417e-01	2.668088199999999688e+00
-8.573139200000000626e-01	2.622866400000000375e+00
-8.585060399999999703e-01	2.622866400000000375e+00
-8.597848999999999631e-01	2.702004600000000423e+00
-8.610401200000000754e-01	2.656782800000000222e+00
-8.622297399999999667e-01	2.668088199999999688e+00
-8.635018999999999334e-01	2.713309999999999889e+00
-8.648690900000000070e-01	2.645477399999999868e+00
-8.661955899999999042e-01	2.656782800000000222e+00
-8.674395500000000592e-01	2.690699200000000069e+00
-8.685815399999999853e-01	2.656782800000000222e+00
-8.696212000000000941e-01	2.679393600000000042e+00
-8.706970199999999327e-01	2.634171799999999841e+00
-8.718910699999999903e-01	2.622866400000000375e+00
-8.731129800000000385e-01	2.588949899999999804e+00
-8.742731599999999936e-01	2.656782800000000222e+00
-8.753734199999999577e-01	2.634171799999999841e+00
-8.765235900000000191e-01	2.634171799999999841e+00
-8.778304200000000002e-01	2.622866400000000375e+00
-8.792172799999999899e-01	2.634171799999999841e+00
-8.805028500000000591e-01	2.600255600000000111e+00
-8.816376700000000399e-01	2.634171799999999841e+00
-8.827422600000000008e-01	2.588949899999999804e+00
-8.839468799999999904e-01	2.577644499999999894e+00
-8.852659899999999471e-01	2.634171799999999841e+00
-8.865457599999999605e-01	2.668088199999999688e+00
-8.876586399999999433e-01	2.679393600000000042e+00
-8.887297999999999032e-01	2.668088199999999688e+00
-8.898936100000000016e-01	2.622866400000000375e+00
-8.910976700000000639e-01	2.656782800000000222e+00
-8.922639799999999566e-01	2.668088199999999688e+00
-8.934050600000000841e-01	2.645477399999999868e+00
-8.946123000000000269e-01	2.668088199999999688e+00
-8.959227699999999794e-01	2.656782800000000222e+00
-8.972183400000000031e-01	2.622866400000000375e+00
-8.983641900000000069e-01	2.645477399999999868e+00
-8.994077200000000216e-01	2.668088199999999688e+00
-9.005677800000000399e-01	2.668088199999999688e+00
-9.019258900000000079e-01	2.679393600000000042e+00
-9.032504500000000380e-01	2.679393600000000042e+00
-9.043660599999999716e-01	2.645477399999999868e+00
-9.054093700000001022e-01	2.679393600000000042e+00
-9.065431600000000145e-01	2.668088199999999688e+00
-9.077484699999999185e-01	2.634171799999999841e+00
-9.089208100000000234e-01	2.668088199999999688e+00
-9.100334599999999607e-01	2.702004600000000423e+00
-9.111956799999999523e-01	2.702004600000000423e+00
-9.124617000000000422e-01	2.611561000000000021e+00
-9.137135100000000065e-01	2.634171799999999841e+00
-9.148620800000000219e-01	2.702004600000000423e+00
-9.159900900000000901e-01	2.724615399999999799e+00
-9.172236999999999751e-01	2.713309999999999889e+00
-9.185050700000000345e-01	2.713309999999999889e+00
-9.196394300000000355e-01	2.679393600000000042e+00
-9.206345300000000620e-01	2.724615399999999799e+00
-9.217229700000000303e-01	2.713309999999999889e+00
-9.229804600000000026e-01	2.747226399999999735e+00
-9.242413600000000118e-01	2.713309999999999889e+00
-9.254423499999999692e-01	2.747226399999999735e+00
-9.266976799999999681e-01	2.747226399999999735e+00
-9.280214500000000255e-01	2.690699200000000069e+00
-9.292857599999999607e-01	2.679393600000000042e+00
-9.304430900000000282e-01	2.713309999999999889e+00
-9.315849600000000175e-01	2.758531800000000089e+00
-9.327640099999999768e-01	2.690699200000000069e+00
-9.339326000000000016e-01	2.668088199999999688e+00
-9.351126699999999792e-01	2.679393600000000042e+00
-9.363933500000000132e-01	2.668088199999999688e+00
-9.377058600000000022e-01	2.622866400000000375e+00
-9.388812699999999900e-01	2.668088199999999688e+00
-9.399044500000000024e-01	2.656782800000000222e+00
-9.409328600000000931e-01	2.668088199999999688e+00
-9.421083900000000177e-01	2.645477399999999868e+00
-9.434224900000000025e-01	2.690699200000000069e+00
-9.448206099999999497e-01	2.679393600000000042e+00
-9.462180500000000327e-01	2.656782800000000222e+00
-9.474319999999999409e-01	2.668088199999999688e+00
-9.484508600000000067e-01	2.600255600000000111e+00
-9.495046200000000214e-01	2.656782800000000222e+00
-9.507187999999999750e-01	2.634171799999999841e+00
-9.520226700000000708e-01	2.588949899999999804e+00
-9.533129099999999578e-01	2.577644499999999894e+00
-9.545673300000000472e-01	2.600255600000000111e+00
-9.558025300000000390e-01	2.622866400000000375e+00
-9.569602099999999778e-01	2.611561000000000021e+00
-9.580432999999999311e-01	2.645477399999999868e+00
-9.592148399999999020e-01	2.611561000000000021e+00
-9.605134899999999698e-01	2.600255600000000111e+00
-9.617583600000000343e-01	2.634171799999999841e+00
-9.629027300000000400e-01	2.588949899999999804e+00
-9.640793899999999805e-01	2.634171799999999841e+00
-9.652691200000000915e-01	2.645477399999999868e+00
-9.663797299999998813e-01	2.645477399999999868e+00
-9.674556599999999396e-01	2.600255600000000111e+00
-9.685814999999999841e-01	2.600255600000000111e+00
-9.698625300000000005e-01	2.600255600000000111e+00
-9.712734900000000726e-01	2.577644499999999894e+00
-9.725422399999998913e-01	2.611561000000000021e+00
-9.736547799999999420e-01	2.600255600000000111e+00
-9.749080599999999652e-01	2.622866400000000375e+00
-9.762327400000000432e-01	2.622866400000000375e+00
-9.773598299999999295e-01	2.645477399999999868e+00
-9.784142799999999696e-01	2.645477399999999868e+00
-9.796193600000000501e-01	2.600255600000000111e+00
-9.809090199999999093e-01	2.600255600000000111e+00
-9.821675300000000108e-01	2.600255600000000111e+00
-9.834142200000001166e-01	2.611561000000000021e+00
-9.846646700000000196e-01	2.588949899999999804e+00
-9.859172699999999567e-01	2.566339099999999984e+00
-9.871920399999999374e-01	2.543728100000000047e+00
-9.884436199999999673e-01	2.543728100000000047e+00
-9.896244800000001396e-01	2.543728100000000047e+00
-9.907826099999998970e-01	2.521117300000000228e+00
-9.919473299999999050e-01	2.532422699999999693e+00
-9.930750999999999884e-01	2.577644499999999894e+00
-9.942061799999999394e-01	2.566339099999999984e+00
-9.954487699999998718e-01	2.588949899999999804e+00
-9.967296800000000623e-01	2.577644499999999894e+00
-9.979024799999999251e-01	2.566339099999999984e+00
-9.990328600000000225e-01	2.521117300000000228e+00
-1.000254900000000058e+00	2.555033499999999957e+00
-1.001556899999999972e+00	2.555033499999999957e+00
-1.002832200000000062e+00	2.532422699999999693e+00
-1.004017999999999855e+00	2.543728100000000047e+00
-1.005170200000000014e+00	2.611561000000000021e+00
-1.006380000000000052e+00	2.622866400000000375e+00
-1.007681900000000130e+00	2.611561000000000021e+00
-1.009011600000000008e+00	2.668088199999999688e+00
-1.010228399999999915e+00	2.645477399999999868e+00
-1.011338199999999965e+00	2.611561000000000021e+00
-1.012504599999999977e+00	2.600255600000000111e+00
-1.013763200000000086e+00	2.588949899999999804e+00
-1.015002700000000146e+00	2.588949899999999804e+00
-1.016151699999999991e+00	2.566339099999999984e+00
-1.017255299999999973e+00	2.566339099999999984e+00
-1.018413299999999966e+00	2.611561000000000021e+00
-1.019651700000000050e+00	2.588949899999999804e+00
-1.020915199999999912e+00	2.521117300000000228e+00
-1.022134600000000004e+00	2.543728100000000047e+00
-1.023245500000000030e+00	2.577644499999999894e+00
-1.024301800000000151e+00	2.588949899999999804e+00
-1.025492599999999976e+00	2.577644499999999894e+00
-1.026880800000000038e+00	2.543728100000000047e+00
-1.028281300000000176e+00	2.577644499999999894e+00
-1.029500000000000082e+00	2.543728100000000047e+00
-1.030583800000000050e+00	2.555033499999999957e+00
-1.031705800000000117e+00	2.588949899999999804e+00
-1.032894399999999990e+00	2.487200899999999937e+00
-1.034065000000000012e+00	2.532422699999999693e+00
-1.035163999999999973e+00	2.555033499999999957e+00
-1.036231399999999914e+00	2.555033499999999957e+00
-1.037405200000000027e+00	2.600255600000000111e+00
-1.038693499999999936e+00	2.577644499999999894e+00
-1.039987199999999889e+00	2.566339099999999984e+00
-1.041335099999999958e+00	2.588949899999999804e+00
-1.042686800000000025e+00	2.611561000000000021e+00
-1.043862499999999915e+00	2.566339099999999984e+00
-1.045014299999999841e+00	2.521117300000000228e+00
-1.046277899999999983e+00	2.521117300000000228e+00
-1.047453299999999921e+00	2.464589900000000000e+00
-1.048524000000000012e+00	2.532422699999999693e+00
-1.049729499999999982e+00	2.509811700000000201e+00
-1.051136999999999988e+00	2.509811700000000201e+00
-1.052548599999999945e+00	2.532422699999999693e+00
-1.053771400000000025e+00	2.498506299999999847e+00
-1.054895600000000044e+00	2.509811700000000201e+00
-1.056118200000000007e+00	2.577644499999999894e+00
-1.057410399999999973e+00	2.532422699999999693e+00
-1.058645999999999976e+00	2.441979100000000180e+00
-1.059835699999999825e+00	2.464589900000000000e+00
-1.061033200000000010e+00	2.498506299999999847e+00
-1.062193499999999791e+00	2.453284499999999646e+00
-1.063326100000000052e+00	2.441979100000000180e+00
-1.064607699999999824e+00	2.430673700000000270e+00
-1.066031199999999846e+00	2.475895500000000027e+00
-1.067325599999999985e+00	2.419367999999999963e+00
-1.068454000000000015e+00	2.464589900000000000e+00
-1.069647699999999979e+00	2.521117300000000228e+00
-1.070971200000000012e+00	2.521117300000000228e+00
-1.072281700000000004e+00	2.498506299999999847e+00
-1.073476100000000155e+00	2.532422699999999693e+00
-1.074605500000000102e+00	2.521117300000000228e+00
-1.075772300000000126e+00	2.588949899999999804e+00
-1.076957200000000059e+00	2.566339099999999984e+00
-1.078095900000000107e+00	2.532422699999999693e+00
-1.079257899999999992e+00	2.532422699999999693e+00
-1.080523600000000028e+00	2.475895500000000027e+00
-1.081820100000000062e+00	2.487200899999999937e+00
-1.083073100000000011e+00	2.543728100000000047e+00
-1.084290100000000034e+00	2.532422699999999693e+00
-1.085451299999999897e+00	2.498506299999999847e+00
-1.086567700000000025e+00	2.555033499999999957e+00
-1.087715999999999905e+00	2.566339099999999984e+00
-1.088928499999999966e+00	2.521117300000000228e+00
-1.090175800000000139e+00	2.566339099999999984e+00
-1.091402599999999889e+00	2.543728100000000047e+00
-1.092613700000000021e+00	2.566339099999999984e+00
-1.093874500000000083e+00	2.521117300000000228e+00
-1.095156000000000018e+00	2.509811700000000201e+00
-1.096395699999999973e+00	2.521117300000000228e+00
-1.097603300000000059e+00	2.498506299999999847e+00
-1.098736900000000016e+00	2.430673700000000270e+00
-1.099788999999999906e+00	2.487200899999999937e+00
-1.100925300000000107e+00	2.498506299999999847e+00
-1.102212400000000203e+00	2.498506299999999847e+00
-1.103526799999999808e+00	2.509811700000000201e+00
-1.104820699999999878e+00	2.453284499999999646e+00
-1.106091500000000005e+00	2.464589900000000000e+00
-1.107270900000000058e+00	2.521117300000000228e+00
-1.108395100000000078e+00	2.487200899999999937e+00
-1.109607900000000091e+00	2.487200899999999937e+00
-1.110947300000000082e+00	2.441979100000000180e+00
-1.112280399999999947e+00	2.498506299999999847e+00
-1.113464899999999869e+00	2.521117300000000228e+00
-1.114594300000000038e+00	2.441979100000000180e+00
-1.115831699999999982e+00	2.430673700000000270e+00
-1.117075200000000157e+00	2.441979100000000180e+00
-1.118235300000000043e+00	2.430673700000000270e+00
-1.119439800000000096e+00	2.396757199999999699e+00
-1.120692800000000044e+00	2.408062600000000053e+00
-1.121873800000000143e+00	2.441979100000000180e+00
-1.123002800000000079e+00	2.453284499999999646e+00
-1.124195800000000078e+00	2.487200899999999937e+00
-1.125476700000000108e+00	2.464589900000000000e+00
-1.126694300000000037e+00	2.396757199999999699e+00
-1.127772700000000183e+00	2.453284499999999646e+00
-1.128931899999999988e+00	2.487200899999999937e+00
-1.130310499999999996e+00	2.498506299999999847e+00
-1.131725500000000162e+00	2.498506299999999847e+00
-1.133017700000000128e+00	2.498506299999999847e+00
-1.134200000000000097e+00	2.498506299999999847e+00
-1.135371300000000083e+00	2.441979100000000180e+00
-1.136641599999999919e+00	2.475895500000000027e+00
-1.137905200000000061e+00	2.487200899999999937e+00
-1.139006500000000033e+00	2.498506299999999847e+00
-1.140111500000000166e+00	2.498506299999999847e+00
-1.141390699999999869e+00	2.430673700000000270e+00
-1.142765200000000148e+00	2.464589900000000000e+00
-1.144156600000000079e+00	2.487200899999999937e+00
-1.145472700000000010e+00	2.487200899999999937e+00
-1.146637800000000151e+00	2.498506299999999847e+00
-1.147762100000000007e+00	2.453284499999999646e+00
-1.148926499999999962e+00	2.430673700000000270e+00
-1.150085000000000024e+00	2.475895500000000027e+00
-1.151246400000000003e+00	2.521117300000000228e+00
-1.152506100000000089e+00	2.498506299999999847e+00
-1.153921600000000103e+00	2.487200899999999937e+00
-1.155333700000000130e+00	2.498506299999999847e+00
-1.156521200000000027e+00	2.555033499999999957e+00
-1.157597199999999882e+00	2.543728100000000047e+00
-1.158813700000000058e+00	2.532422699999999693e+00
-1.160076499999999955e+00	2.475895500000000027e+00
-1.161191799999999885e+00	2.487200899999999937e+00
-1.162307899999999838e+00	2.532422699999999693e+00
-1.163636899999999974e+00	2.543728100000000047e+00
-1.165050099999999977e+00	2.555033499999999957e+00
-1.166280100000000042e+00	2.509811700000000201e+00
-1.167351099999999864e+00	2.487200899999999937e+00
-1.168513000000000135e+00	2.464589900000000000e+00
-1.169815200000000166e+00	2.453284499999999646e+00
-1.171103000000000005e+00	2.521117300000000228e+00
-1.172349499999999933e+00	2.509811700000000201e+00
-1.173655200000000010e+00	2.453284499999999646e+00
-1.174969799999999953e+00	2.464589900000000000e+00
-1.176141499999999951e+00	2.487200899999999937e+00
-1.177201699999999907e+00	2.509811700000000201e+00
-1.178303400000000112e+00	2.509811700000000201e+00
-1.179531899999999967e+00	2.475895500000000027e+00
-1.180897400000000097e+00	2.509811700000000201e+00
-1.182296699999999978e+00	2.475895500000000027e+00
-1.183572099999999905e+00	2.498506299999999847e+00
-1.184744499999999867e+00	2.498506299999999847e+00
-1.185936099999999938e+00	2.509811700000000201e+00
-1.187136799999999992e+00	2.498506299999999847e+00
-1.188370600000000055e+00	2.487200899999999937e+00
-1.189713500000000090e+00	2.498506299999999847e+00
-1.191064899999999982e+00	2.464589900000000000e+00
-1.192355400000000065e+00	2.464589900000000000e+00
-1.193647699999999867e+00	2.419367999999999963e+00
-1.194877499999999815e+00	2.453284499999999646e+00
-1.195988100000000109e+00	2.498506299999999847e+00
-1.197112599999999860e+00	2.509811700000000201e+00
-1.198347000000000051e+00	2.475895500000000027e+00
-1.199634000000000089e+00	2.475895500000000027e+00
-1.200889600000000002e+00	2.475895500000000027e+00
-1.202102599999999910e+00	2.430673700000000270e+00
-1.203285799999999961e+00	2.464589900000000000e+00
-1.204411100000000179e+00	2.464589900000000000e+00
-1.205533900000000047e+00	2.430673700000000270e+00
-1.206807200000000080e+00	2.430673700000000270e+00
-1.208219099999999990e+00	2.430673700000000270e+00
-1.209577700000000089e+00	2.430673700000000270e+00
-1.210812299999999953e+00	2.475895500000000027e+00
-1.211990600000000029e+00	2.441979100000000180e+00
-1.213171599999999906e+00	2.475895500000000027e+00
-1.214405500000000027e+00	2.453284499999999646e+00
-1.215664400000000089e+00	2.419367999999999963e+00
-1.216879799999999845e+00	2.498506299999999847e+00
-1.218066699999999836e+00	2.475895500000000027e+00
-1.219214400000000031e+00	2.498506299999999847e+00
-1.220276499999999986e+00	2.498506299999999847e+00
-1.221364800000000139e+00	2.487200899999999937e+00
-1.222611600000000021e+00	2.419367999999999963e+00
-1.223921299999999990e+00	2.441979100000000180e+00
-1.225205099999999936e+00	2.475895500000000027e+00
-1.226526599999999911e+00	2.566339099999999984e+00
-1.227841699999999925e+00	2.532422699999999693e+00
-1.229066999999999910e+00	2.498506299999999847e+00
-1.230276000000000147e+00	2.509811700000000201e+00
-1.231539600000000068e+00	2.509811700000000201e+00
-1.232858699999999974e+00	2.464589900000000000e+00
-1.234171399999999919e+00	2.532422699999999693e+00
-1.235335300000000025e+00	2.498506299999999847e+00
-1.236387099999999961e+00	2.487200899999999937e+00
-1.237573299999999987e+00	2.555033499999999957e+00
-1.238926200000000089e+00	2.521117300000000228e+00
-1.240252699999999875e+00	2.532422699999999693e+00
-1.241525299999999943e+00	2.509811700000000201e+00
-1.242826899999999846e+00	2.521117300000000228e+00
-1.244116199999999894e+00	2.475895500000000027e+00
-1.245337699999999881e+00	2.487200899999999937e+00
-1.246545000000000014e+00	2.475895500000000027e+00
-1.247809200000000063e+00	2.509811700000000201e+00
-1.249061600000000105e+00	2.532422699999999693e+00
-1.250125900000000012e+00	2.521117300000000228e+00
-1.251070300000000080e+00	2.509811700000000201e+00
-1.252230300000000129e+00	2.509811700000000201e+00
-1.253664099999999948e+00	2.555033499999999957e+00
-1.255119600000000002e+00	2.555033499999999957e+00
-1.256467500000000070e+00	2.600255600000000111e+00
-1.257678199999999968e+00	2.555033499999999957e+00
-1.258790800000000099e+00	2.566339099999999984e+00
-1.260003500000000054e+00	2.543728100000000047e+00
-1.261389799999999894e+00	2.543728100000000047e+00
-1.262734100000000081e+00	2.600255600000000111e+00
-1.263883599999999996e+00	2.588949899999999804e+00
-1.265003199999999994e+00	2.521117300000000228e+00
-1.266245199999999960e+00	2.543728100000000047e+00
-1.267500700000000036e+00	2.543728100000000047e+00
-1.268700500000000009e+00	2.487200899999999937e+00
-1.269913800000000093e+00	2.509811700000000201e+00
-1.271147499999999875e+00	2.566339099999999984e+00
-1.272399199999999952e+00	2.566339099999999984e+00
-1.273696900000000021e+00	2.521117300000000228e+00
-1.275021799999999983e+00	2.509811700000000201e+00
-1.276343700000000192e+00	2.498506299999999847e+00
-1.277626299999999882e+00	2.509811700000000201e+00
-1.278837999999999919e+00	2.532422699999999693e+00
-1.280031900000000000e+00	2.521117300000000228e+00
-1.281299999999999883e+00	2.509811700000000201e+00
-1.282641599999999826e+00	2.521117300000000228e+00
-1.283949099999999843e+00	2.521117300000000228e+00
-1.285117400000000076e+00	2.487200899999999937e+00
-1.286240599999999956e+00	2.464589900000000000e+00
-1.287515900000000046e+00	2.453284499999999646e+00
-1.288853400000000038e+00	2.464589900000000000e+00
-1.290065499999999865e+00	2.566339099999999984e+00
-1.291261100000000051e+00	2.509811700000000201e+00
-1.292549799999999971e+00	2.430673700000000270e+00
-1.293856099999999953e+00	2.509811700000000201e+00
-1.295123400000000036e+00	2.509811700000000201e+00
-1.296302099999999902e+00	2.521117300000000228e+00
-1.297442100000000043e+00	2.441979100000000180e+00
-1.298710699999999996e+00	2.475895500000000027e+00
-1.300073599999999940e+00	2.543728100000000047e+00
-1.301392800000000127e+00	2.487200899999999937e+00
-1.302667699999999984e+00	2.509811700000000201e+00
-1.303878199999999987e+00	2.487200899999999937e+00
-1.305021900000000068e+00	2.475895500000000027e+00
-1.306249900000000075e+00	2.464589900000000000e+00
-1.307634000000000185e+00	2.419367999999999963e+00
-1.309048200000000106e+00	2.487200899999999937e+00
-1.310364700000000049e+00	2.475895500000000027e+00
-1.311541800000000091e+00	2.532422699999999693e+00
-1.312608400000000008e+00	2.430673700000000270e+00
-1.313649800000000090e+00	2.430673700000000270e+00
-1.314805100000000060e+00	2.419367999999999963e+00
-1.316180600000000034e+00	2.453284499999999646e+00
-1.317634799999999995e+00	2.441979100000000180e+00
-1.318942599999999965e+00	2.430673700000000270e+00
-1.320164800000000138e+00	2.430673700000000270e+00
-1.321460800000000102e+00	2.464589900000000000e+00
-1.322764700000000015e+00	2.464589900000000000e+00
-1.323954800000000098e+00	2.498506299999999847e+00
-1.325102599999999908e+00	2.498506299999999847e+00
-1.326295400000000013e+00	2.521117300000000228e+00
-1.327479700000000040e+00	2.487200899999999937e+00
-1.328670800000000041e+00	2.441979100000000180e+00
-1.329962399999999878e+00	2.362840799999999852e+00
-1.331308099999999994e+00	2.396757199999999699e+00
-1.332605999999999957e+00	2.464589900000000000e+00
-1.333841500000000124e+00	2.464589900000000000e+00
-1.335079799999999928e+00	2.430673700000000270e+00
-1.336395400000000011e+00	2.419367999999999963e+00
-1.337708800000000142e+00	2.464589900000000000e+00
-1.338936600000000032e+00	2.441979100000000180e+00
-1.340208899999999925e+00	2.419367999999999963e+00
-1.341547799999999846e+00	2.453284499999999646e+00
-1.342781200000000119e+00	2.430673700000000270e+00
-1.343936199999999914e+00	2.408062600000000053e+00
-1.345171499999999964e+00	2.430673700000000270e+00
-1.346477800000000169e+00	2.453284499999999646e+00
-1.347760900000000150e+00	2.475895500000000027e+00
-1.348995699999999909e+00	2.464589900000000000e+00
-1.350219199999999953e+00	2.419367999999999963e+00
-1.351507100000000072e+00	2.441979100000000180e+00
-1.352821999999999969e+00	2.453284499999999646e+00
-1.353979800000000067e+00	2.430673700000000270e+00
-1.355072999999999972e+00	2.453284499999999646e+00
-1.356410499999999963e+00	2.509811700000000201e+00
-1.357871599999999956e+00	2.498506299999999847e+00
-1.359150800000000103e+00	2.419367999999999963e+00
-1.360353699999999888e+00	2.430673700000000270e+00
-1.361685499999999882e+00	2.430673700000000270e+00
-1.363039699999999854e+00	2.385451800000000233e+00
-1.364214500000000108e+00	2.408062600000000053e+00
-1.365315499999999904e+00	2.475895500000000027e+00
-1.366611300000000195e+00	2.487200899999999937e+00
-1.368000499999999953e+00	2.521117300000000228e+00
-1.369228400000000123e+00	2.453284499999999646e+00
-1.370398900000000086e+00	2.441979100000000180e+00
-1.371694699999999933e+00	2.475895500000000027e+00
-1.373079399999999950e+00	2.453284499999999646e+00
-1.374416100000000140e+00	2.453284499999999646e+00
-1.375577799999999851e+00	2.509811700000000201e+00
-1.376657299999999973e+00	2.521117300000000228e+00
-1.377865099999999954e+00	2.464589900000000000e+00
-1.379184799999999989e+00	2.453284499999999646e+00
-1.380521099999999945e+00	2.453284499999999646e+00
-1.381807000000000007e+00	2.464589900000000000e+00
-1.382983000000000073e+00	2.430673700000000270e+00
-1.384185600000000127e+00	2.453284499999999646e+00
-1.385564500000000088e+00	2.475895500000000027e+00
-1.386948300000000023e+00	2.543728100000000047e+00
-1.388108099999999956e+00	2.521117300000000228e+00
-1.389166799999999924e+00	2.453284499999999646e+00
-1.390379100000000090e+00	2.430673700000000270e+00
-1.391741300000000070e+00	2.509811700000000201e+00
-1.393109599999999837e+00	2.555033499999999957e+00
-1.394425000000000026e+00	2.475895500000000027e+00
-1.395706200000000008e+00	2.441979100000000180e+00
-1.397012700000000107e+00	2.487200899999999937e+00
-1.398338599999999987e+00	2.475895500000000027e+00
-1.399549799999999955e+00	2.408062600000000053e+00
-1.400620500000000046e+00	2.453284499999999646e+00
-1.401738900000000010e+00	2.453284499999999646e+00
-1.403008099999999869e+00	2.509811700000000201e+00
-1.404345500000000024e+00	2.487200899999999937e+00
-1.405672000000000033e+00	2.464589900000000000e+00
-1.406963700000000150e+00	2.509811700000000201e+00
-1.408234800000000009e+00	2.453284499999999646e+00
-1.409510999999999958e+00	2.430673700000000270e+00
-1.410746800000000079e+00	2.430673700000000270e+00
-1.411921200000000098e+00	2.475895500000000027e+00
-1.413104399999999927e+00	2.430673700000000270e+00
-1.414317499999999894e+00	2.509811700000000201e+00
-1.415607899999999919e+00	2.509811700000000201e+00
-1.417046900000000109e+00	2.498506299999999847e+00
-1.418490499999999876e+00	2.498506299999999847e+00
-1.419760800000000156e+00	2.521117300000000228e+00
-1.420894899999999961e+00	2.430673700000000270e+00
-1.422011799999999937e+00	2.487200899999999937e+00
-1.423178700000000019e+00	2.509811700000000201e+00
-1.424398899999999912e+00	2.453284499999999646e+00
-1.425654099999999813e+00	2.453284499999999646e+00
-1.426915600000000062e+00	2.430673700000000270e+00
-1.428170399999999951e+00	2.441979100000000180e+00
-1.429480599999999990e+00	2.430673700000000270e+00
-1.430850500000000025e+00	2.430673700000000270e+00
-1.432166100000000108e+00	2.487200899999999937e+00
-1.433386000000000049e+00	2.441979100000000180e+00
-1.434592799999999890e+00	2.453284499999999646e+00
-1.435869800000000085e+00	2.464589900000000000e+00
-1.437220900000000023e+00	2.419367999999999963e+00
-1.438544700000000010e+00	2.430673700000000270e+00
-1.439762900000000068e+00	2.475895500000000027e+00
-1.440968999999999944e+00	2.408062600000000053e+00
-1.442267100000000024e+00	2.419367999999999963e+00
-1.443601599999999818e+00	2.408062600000000053e+00
-1.444875200000000026e+00	2.396757199999999699e+00
-1.446080899999999891e+00	2.464589900000000000e+00
-1.447309699999999921e+00	2.419367999999999963e+00
-1.448610900000000035e+00	2.385451800000000233e+00
-1.449893800000000121e+00	2.475895500000000027e+00
-1.451070399999999871e+00	2.441979100000000180e+00
-1.452210000000000001e+00	2.374146200000000206e+00
-1.453511899999999857e+00	2.340230000000000032e+00
-1.455002000000000129e+00	2.385451800000000233e+00
-1.456395900000000188e+00	2.430673700000000270e+00
-1.457534600000000014e+00	2.453284499999999646e+00
-1.458640999999999854e+00	2.430673700000000270e+00
-1.459901600000000021e+00	2.351535399999999942e+00
-1.461175099999999949e+00	2.362840799999999852e+00
-1.462352199999999991e+00	2.396757199999999699e+00
-1.463594599999999968e+00	2.453284499999999646e+00
-1.464988100000000015e+00	2.453284499999999646e+00
-1.466337299999999955e+00	2.396757199999999699e+00
-1.467493900000000018e+00	2.408062600000000053e+00
-1.468611700000000075e+00	2.453284499999999646e+00
-1.469906900000000016e+00	2.441979100000000180e+00
-1.471352100000000052e+00	2.453284499999999646e+00
-1.472753599999999885e+00	2.475895500000000027e+00
-1.474056699999999998e+00	2.464589900000000000e+00
-1.475387200000000121e+00	2.487200899999999937e+00
-1.476729200000000075e+00	2.498506299999999847e+00
-1.477943999999999924e+00	2.441979100000000180e+00
-1.479127400000000092e+00	2.475895500000000027e+00
-1.480399299999999974e+00	2.509811700000000201e+00
-1.481633499999999826e+00	2.453284499999999646e+00
-1.482764199999999866e+00	2.396757199999999699e+00
-1.483920199999999801e+00	2.453284499999999646e+00
-1.485216900000000173e+00	2.441979100000000180e+00
-1.486613899999999822e+00	2.453284499999999646e+00
-1.487967899999999899e+00	2.430673700000000270e+00
-1.489228600000000124e+00	2.374146200000000206e+00
-1.490459700000000165e+00	2.430673700000000270e+00
-1.491738299999999962e+00	2.385451800000000233e+00
-1.493089499999999958e+00	2.408062600000000053e+00
-1.494420999999999999e+00	2.374146200000000206e+00
-1.495648099999999925e+00	2.351535399999999942e+00
-1.496842299999999959e+00	2.419367999999999963e+00
-1.498084700000000158e+00	2.408062600000000053e+00
-1.499338599999999966e+00	2.419367999999999963e+00
-1.500556000000000001e+00	2.498506299999999847e+00
-1.501757899999999868e+00	2.408062600000000053e+00
-1.503005499999999994e+00	2.441979100000000180e+00
-1.504326700000000017e+00	2.430673700000000270e+00
-1.505647599999999864e+00	2.385451800000000233e+00
-1.506902299999999917e+00	2.430673700000000270e+00
-1.508169900000000174e+00	2.430673700000000270e+00
-1.509517500000000068e+00	2.408062600000000053e+00
-1.510855600000000187e+00	2.408062600000000053e+00
-1.512128600000000045e+00	2.430673700000000270e+00
-1.513396199999999858e+00	2.419367999999999963e+00
-1.514656100000000061e+00	2.464589900000000000e+00
-1.515872799999999909e+00	2.374146200000000206e+00
-1.517091699999999932e+00	2.396757199999999699e+00
-1.518334999999999990e+00	2.362840799999999852e+00
-1.519581999999999988e+00	2.430673700000000270e+00
-1.520872499999999850e+00	2.408062600000000053e+00
-1.522218700000000036e+00	2.475895500000000027e+00
-1.523521599999999809e+00	2.475895500000000027e+00
-1.524718100000000076e+00	2.441979100000000180e+00
-1.525888399999999923e+00	2.430673700000000270e+00
-1.527149499999999938e+00	2.340230000000000032e+00
-1.528486100000000070e+00	2.385451800000000233e+00
-1.529836000000000196e+00	2.441979100000000180e+00
-1.531202799999999975e+00	2.430673700000000270e+00
-1.532518099999999883e+00	2.453284499999999646e+00
-1.533722999999999947e+00	2.453284499999999646e+00
-1.534922400000000131e+00	2.441979100000000180e+00
-1.536187300000000144e+00	2.385451800000000233e+00
-1.537458299999999944e+00	2.430673700000000270e+00
-1.538696800000000087e+00	2.430673700000000270e+00
-1.539954999999999963e+00	2.419367999999999963e+00
-1.541296699999999964e+00	2.430673700000000270e+00
-1.542665600000000081e+00	2.487200899999999937e+00
-1.543940000000000090e+00	2.385451800000000233e+00
-1.545124199999999837e+00	2.430673700000000270e+00
-1.546322399999999986e+00	2.453284499999999646e+00
-1.547595300000000007e+00	2.464589900000000000e+00
-1.548966099999999901e+00	2.408062600000000053e+00
-1.550381100000000067e+00	2.430673700000000270e+00
-1.551696200000000081e+00	2.475895500000000027e+00
-1.552915000000000045e+00	2.521117300000000228e+00
-1.554179800000000000e+00	2.487200899999999937e+00
-1.555479499999999904e+00	2.419367999999999963e+00
-1.556677899999999948e+00	2.385451800000000233e+00
-1.557827799999999874e+00	2.430673700000000270e+00
-1.559155599999999975e+00	2.453284499999999646e+00
-1.560648299999999988e+00	2.487200899999999937e+00
-1.562026499999999984e+00	2.475895500000000027e+00
-1.563209300000000024e+00	2.453284499999999646e+00
-1.564400200000000130e+00	2.419367999999999963e+00
-1.565681900000000182e+00	2.441979100000000180e+00
-1.566925099999999960e+00	2.419367999999999963e+00
-1.568119200000000157e+00	2.441979100000000180e+00
-1.569392800000000143e+00	2.475895500000000027e+00
-1.570777599999999996e+00	2.509811700000000201e+00
-1.572173299999999996e+00	2.453284499999999646e+00
-1.573461499999999846e+00	2.498506299999999847e+00
-1.574646500000000060e+00	2.464589900000000000e+00
-1.575830799999999865e+00	2.487200899999999937e+00
-1.577086200000000105e+00	2.498506299999999847e+00
-1.578437500000000160e+00	2.509811700000000201e+00
-1.579808400000000113e+00	2.509811700000000201e+00
-1.581058199999999969e+00	2.464589900000000000e+00
-1.582259099999999918e+00	2.509811700000000201e+00
-1.583614899999999936e+00	2.464589900000000000e+00
-1.585030799999999962e+00	2.487200899999999937e+00
-1.586262000000000061e+00	2.509811700000000201e+00
-1.587356700000000176e+00	2.487200899999999937e+00
-1.588558199999999809e+00	2.453284499999999646e+00
-1.589990999999999932e+00	2.464589900000000000e+00
-1.591509300000000016e+00	2.532422699999999693e+00
-1.592846600000000112e+00	2.453284499999999646e+00
-1.594004100000000035e+00	2.453284499999999646e+00
-1.595209399999999889e+00	2.408062600000000053e+00
-1.596521099999999915e+00	2.475895500000000027e+00
-1.597840300000000102e+00	2.475895500000000027e+00
-1.599122000000000154e+00	2.453284499999999646e+00
-1.600395800000000035e+00	2.475895500000000027e+00
-1.601732000000000156e+00	2.464589900000000000e+00
-1.603113299999999963e+00	2.430673700000000270e+00
-1.604408499999999904e+00	2.419367999999999963e+00
-1.605624800000000185e+00	2.441979100000000180e+00
-1.606883399999999851e+00	2.419367999999999963e+00
-1.608164200000000044e+00	2.430673700000000270e+00
-1.609424100000000024e+00	2.362840799999999852e+00
-1.610724100000000103e+00	2.374146200000000206e+00
-1.612083900000000014e+00	2.441979100000000180e+00
-1.613424500000000039e+00	2.419367999999999963e+00
-1.614653200000000011e+00	2.441979100000000180e+00
-1.615788100000000060e+00	2.385451800000000233e+00
-1.616957899999999837e+00	2.385451800000000233e+00
-1.618252999999999941e+00	2.408062600000000053e+00
-1.619637900000000075e+00	2.419367999999999963e+00
-1.620975599999999961e+00	2.464589900000000000e+00
-1.622224499999999958e+00	2.396757199999999699e+00
-1.623489100000000018e+00	2.430673700000000270e+00
-1.624759300000000017e+00	2.487200899999999937e+00
-1.625960199999999967e+00	2.464589900000000000e+00
-1.627167299999999983e+00	2.441979100000000180e+00
-1.628452999999999928e+00	2.464589900000000000e+00
-1.629775900000000055e+00	2.408062600000000053e+00
-1.631124400000000030e+00	2.487200899999999937e+00
-1.632487299999999975e+00	2.464589900000000000e+00
-1.633753299999999964e+00	2.441979100000000180e+00
-1.634882299999999899e+00	2.453284499999999646e+00
-1.636044199999999949e+00	2.475895500000000027e+00
-1.637358800000000114e+00	2.509811700000000201e+00
-1.638669099999999990e+00	2.509811700000000201e+00
-1.639863300000000024e+00	2.475895500000000027e+00
-1.641099099999999922e+00	2.441979100000000180e+00
-1.642446599999999979e+00	2.430673700000000270e+00
-1.643756100000000053e+00	2.430673700000000270e+00
-1.644940500000000139e+00	2.430673700000000270e+00
-1.646122799999999886e+00	2.385451800000000233e+00
-1.647492999999999874e+00	2.419367999999999963e+00
-1.648981100000000088e+00	2.430673700000000270e+00
-1.650329099999999993e+00	2.430673700000000270e+00
-1.651523000000000074e+00	2.430673700000000270e+00
-1.652741500000000086e+00	2.464589900000000000e+00
-1.654044400000000081e+00	2.464589900000000000e+00
-1.655369300000000043e+00	2.464589900000000000e+00
-1.656665199999999949e+00	2.419367999999999963e+00
-1.657976300000000069e+00	2.430673700000000270e+00
-1.659382000000000135e+00	2.419367999999999963e+00
-1.660817100000000046e+00	2.441979100000000180e+00
-1.662104800000000049e+00	2.453284499999999646e+00
-1.663225100000000012e+00	2.453284499999999646e+00
-1.664372099999999799e+00	2.521117300000000228e+00
-1.665689100000000034e+00	2.498506299999999847e+00
-1.667095799999999794e+00	2.475895500000000027e+00
-1.668445900000000037e+00	2.430673700000000270e+00
-1.669687800000000166e+00	2.521117300000000228e+00
-1.670833600000000141e+00	2.475895500000000027e+00
-1.671991299999999958e+00	2.498506299999999847e+00
-1.673352799999999974e+00	2.464589900000000000e+00
-1.674881800000000087e+00	2.453284499999999646e+00
-1.676260199999999978e+00	2.487200899999999937e+00
-1.677392199999999889e+00	2.532422699999999693e+00
-1.678512600000000132e+00	2.532422699999999693e+00
-1.679794499999999857e+00	2.464589900000000000e+00
-1.681217900000000043e+00	2.464589900000000000e+00
-1.682623900000000061e+00	2.487200899999999937e+00
-1.683885899999999936e+00	2.509811700000000201e+00
-1.685069299999999881e+00	2.453284499999999646e+00
-1.686306300000000036e+00	2.464589900000000000e+00
-1.687618799999999863e+00	2.475895500000000027e+00
-1.688958299999999912e+00	2.464589900000000000e+00
-1.690311099999999955e+00	2.430673700000000270e+00
-1.691651599999999922e+00	2.396757199999999699e+00
-1.692952800000000035e+00	2.453284499999999646e+00
-1.694211800000000157e+00	2.430673700000000270e+00
-1.695435900000000107e+00	2.487200899999999937e+00
-1.696725800000000062e+00	2.509811700000000201e+00
-1.698137599999999914e+00	2.475895500000000027e+00
-1.699543199999999921e+00	2.430673700000000270e+00
-1.700820099999999835e+00	2.475895500000000027e+00
-1.701972600000000169e+00	2.441979100000000180e+00
-1.703156800000000137e+00	2.430673700000000270e+00
-1.704546499999999964e+00	2.441979100000000180e+00
-1.705996300000000021e+00	2.441979100000000180e+00
-1.707223099999999993e+00	2.408062600000000053e+00
-1.708311899999999994e+00	2.430673700000000270e+00
-1.709554500000000088e+00	2.475895500000000027e+00
-1.710963800000000035e+00	2.453284499999999646e+00
-1.712361500000000092e+00	2.408062600000000053e+00
-1.713686099999999879e+00	2.453284499999999646e+00
-1.714933800000000064e+00	2.453284499999999646e+00
-1.716111000000000164e+00	2.464589900000000000e+00
-1.717324800000000096e+00	2.487200899999999937e+00
-1.718626699999999952e+00	2.521117300000000228e+00
-1.719920600000000022e+00	2.532422699999999693e+00
-1.721200800000000086e+00	2.498506299999999847e+00
-1.722572400000000004e+00	2.453284499999999646e+00
-1.723975199999999930e+00	2.441979100000000180e+00
-1.725254199999999960e+00	2.464589900000000000e+00
-1.726450900000000122e+00	2.475895500000000027e+00
-1.727652900000000047e+00	2.453284499999999646e+00
-1.728831400000000018e+00	2.453284499999999646e+00
-1.730056499999999886e+00	2.475895500000000027e+00
-1.731429700000000071e+00	2.453284499999999646e+00
-1.732820899999999886e+00	2.441979100000000180e+00
-1.734063700000000097e+00	2.374146200000000206e+00
-1.735254300000000027e+00	2.419367999999999963e+00
-1.736579199999999990e+00	2.441979100000000180e+00
-1.738040099999999866e+00	2.385451800000000233e+00
-1.739538199999999923e+00	2.362840799999999852e+00
-1.740976899999999938e+00	2.419367999999999963e+00
-1.742247300000000054e+00	2.408062600000000053e+00
-1.743392899999999912e+00	2.430673700000000270e+00
-1.744560899999999970e+00	2.464589900000000000e+00
-1.745728399999999958e+00	2.430673700000000270e+00
-1.746861699999999962e+00	2.419367999999999963e+00
-1.748077700000000068e+00	2.408062600000000053e+00
-1.749410700000000096e+00	2.464589900000000000e+00
-1.750763899999999929e+00	2.441979100000000180e+00
-1.752094500000000110e+00	2.464589900000000000e+00
-1.753408400000000089e+00	2.441979100000000180e+00
-1.754688400000000037e+00	2.521117300000000228e+00
-1.756007099999999932e+00	2.441979100000000180e+00
-1.757414100000000090e+00	2.396757199999999699e+00
-1.758739700000000017e+00	2.408062600000000053e+00
-1.759891799999999895e+00	2.362840799999999852e+00
-1.761021400000000181e+00	2.419367999999999963e+00
-1.762287500000000007e+00	2.385451800000000233e+00
-1.763728700000000149e+00	2.351535399999999942e+00
-1.765230799999999878e+00	2.362840799999999852e+00
-1.766617399999999893e+00	2.374146200000000206e+00
-1.767847599999999852e+00	2.419367999999999963e+00
-1.769059700000000124e+00	2.453284499999999646e+00
-1.770372000000000057e+00	2.453284499999999646e+00
-1.771719799999999845e+00	2.441979100000000180e+00
-1.773003899999999966e+00	2.441979100000000180e+00
-1.774231400000000125e+00	2.430673700000000270e+00
-1.775467899999999988e+00	2.408062600000000053e+00
-1.776743600000000090e+00	2.385451800000000233e+00
-1.778037400000000101e+00	2.408062600000000053e+00
-1.779378000000000126e+00	2.408062600000000053e+00
-1.780785199999999957e+00	2.441979100000000180e+00
-1.782170599999999938e+00	2.419367999999999963e+00
-1.783461799999999986e+00	2.396757199999999699e+00
-1.784721000000000002e+00	2.441979100000000180e+00
-1.786047600000000068e+00	2.453284499999999646e+00
-1.787437399999999954e+00	2.430673700000000270e+00
-1.788827799999999968e+00	2.453284499999999646e+00
-1.790140099999999901e+00	2.464589900000000000e+00
-1.791333000000000064e+00	2.487200899999999937e+00
-1.792539300000000058e+00	2.498506299999999847e+00
-1.793881400000000070e+00	2.509811700000000201e+00
-1.795271000000000061e+00	2.464589900000000000e+00
-1.796596099999999918e+00	2.532422699999999693e+00
-1.797839299999999918e+00	2.543728100000000047e+00
-1.799037800000000020e+00	2.543728100000000047e+00
-1.800285399999999925e+00	2.487200899999999937e+00
-1.801601100000000066e+00	2.464589900000000000e+00
-1.802891000000000021e+00	2.487200899999999937e+00
-1.804180700000000082e+00	2.487200899999999937e+00
-1.805598800000000059e+00	2.498506299999999847e+00
-1.807101599999999975e+00	2.408062600000000053e+00
-1.808489499999999861e+00	2.419367999999999963e+00
-1.809710500000000000e+00	2.475895500000000027e+00
-1.810907000000000044e+00	2.453284499999999646e+00
-1.812153499999999973e+00	2.453284499999999646e+00
-1.813424900000000006e+00	2.430673700000000270e+00
-1.814720899999999970e+00	2.464589900000000000e+00
-1.816029900000000197e+00	2.419367999999999963e+00
-1.817343399999999942e+00	2.408062600000000053e+00
-1.818695500000000020e+00	2.441979100000000180e+00
-1.820054599999999967e+00	2.419367999999999963e+00
-1.821336000000000066e+00	2.408062600000000053e+00
-1.822587399999999969e+00	2.453284499999999646e+00
-1.823892000000000069e+00	2.464589900000000000e+00
-1.825187700000000079e+00	2.396757199999999699e+00
-1.826443800000000062e+00	2.419367999999999963e+00
-1.827690499999999885e+00	2.464589900000000000e+00
-1.828901000000000110e+00	2.453284499999999646e+00
-1.830100800000000083e+00	2.453284499999999646e+00
-1.831365799999999933e+00	2.441979100000000180e+00
-1.832705699999999993e+00	2.396757199999999699e+00
-1.834052000000000016e+00	2.430673700000000270e+00
-1.835340500000000041e+00	2.430673700000000270e+00
-1.836581299999999972e+00	2.362840799999999852e+00
-1.837834200000000084e+00	2.430673700000000270e+00
-1.839161800000000069e+00	2.396757199999999699e+00
-1.840497700000000014e+00	2.374146200000000206e+00
-1.841728000000000032e+00	2.374146200000000206e+00
-1.842983800000000061e+00	2.340230000000000032e+00
-1.844440999999999997e+00	2.351535399999999942e+00
-1.845930199999999965e+00	2.317619000000000096e+00
-1.847199700000000000e+00	2.362840799999999852e+00
-1.848372300000000079e+00	2.385451800000000233e+00
-1.849701800000000063e+00	2.396757199999999699e+00
-1.851112400000000102e+00	2.408062600000000053e+00
-1.852405500000000149e+00	2.396757199999999699e+00
-1.853610200000000097e+00	2.396757199999999699e+00
-1.854827000000000004e+00	2.374146200000000206e+00
-1.856052199999999930e+00	2.408062600000000053e+00
-1.857329200000000125e+00	2.385451800000000233e+00
-1.858720700000000114e+00	2.419367999999999963e+00
-1.860106999999999955e+00	2.374146200000000206e+00
-1.861358200000000185e+00	2.317619000000000096e+00
-1.862566799999999967e+00	2.362840799999999852e+00
-1.863859600000000061e+00	2.295008200000000276e+00
-1.865224200000000110e+00	2.317619000000000096e+00
-1.866609500000000033e+00	2.328924400000000006e+00
-1.867950899999999859e+00	2.351535399999999942e+00
-1.869211900000000037e+00	2.351535399999999942e+00
-1.870481999999999978e+00	2.328924400000000006e+00
-1.871798599999999979e+00	2.351535399999999942e+00
-1.873110399999999842e+00	2.328924400000000006e+00
-1.874483500000000191e+00	2.295008200000000276e+00
-1.875951199999999819e+00	2.306313600000000186e+00
-1.877385799999999882e+00	2.351535399999999942e+00
-1.878691299999999842e+00	2.328924400000000006e+00
-1.879873899999999987e+00	2.306313600000000186e+00
-1.880994899999999914e+00	2.328924400000000006e+00
-1.882155900000000104e+00	2.306313600000000186e+00
-1.883467499999999850e+00	2.351535399999999942e+00
-1.884933499999999817e+00	2.351535399999999942e+00
-1.886387400000000047e+00	2.340230000000000032e+00
-1.887701799999999874e+00	2.272397199999999895e+00
-1.888933299999999926e+00	2.317619000000000096e+00
-1.890184400000000098e+00	2.351535399999999942e+00
-1.891484500000000013e+00	2.419367999999999963e+00
-1.892781700000000011e+00	2.340230000000000032e+00
-1.894063000000000052e+00	2.328924400000000006e+00
-1.895385499999999945e+00	2.283702599999999805e+00
-1.896692000000000045e+00	2.351535399999999942e+00
-1.897901000000000060e+00	2.396757199999999699e+00
-1.899143899999999885e+00	2.408062600000000053e+00
-1.900544499999999859e+00	2.419367999999999963e+00
-1.901949799999999913e+00	2.340230000000000032e+00
-1.903199300000000038e+00	2.351535399999999942e+00
-1.904412699999999958e+00	2.283702599999999805e+00
-1.905764000000000014e+00	2.261091799999999985e+00
-1.907186199999999943e+00	2.362840799999999852e+00
-1.908488499999999810e+00	2.317619000000000096e+00
-1.909673500000000024e+00	2.328924400000000006e+00
-1.910937499999999956e+00	2.328924400000000006e+00
-1.912364500000000023e+00	2.306313600000000186e+00
-1.913795599999999819e+00	2.272397199999999895e+00
-1.915055699999999916e+00	2.328924400000000006e+00
-1.916248299999999904e+00	2.295008200000000276e+00
-1.917639600000000222e+00	2.295008200000000276e+00
-1.919203399999999782e+00	2.306313600000000186e+00
-1.920633399999999824e+00	2.261091799999999985e+00
-1.921860300000000077e+00	2.249786100000000122e+00
-1.923064899999999966e+00	2.261091799999999985e+00
-1.924322800000000111e+00	2.238480700000000212e+00
-1.925610800000000067e+00	2.272397199999999895e+00
-1.926909800000000006e+00	2.272397199999999895e+00
-1.928189199999999826e+00	2.272397199999999895e+00
-1.929404300000000072e+00	2.340230000000000032e+00
-1.930556900000000242e+00	2.306313600000000186e+00
-1.931740799999999814e+00	2.317619000000000096e+00
-1.933079800000000237e+00	2.272397199999999895e+00
-1.934574999999999934e+00	2.283702599999999805e+00
-1.936009100000000149e+00	2.306313600000000186e+00
-1.937249000000000221e+00	2.272397199999999895e+00
-1.938473399999999902e+00	2.261091799999999985e+00
-1.939821000000000017e+00	2.283702599999999805e+00
-1.941216199999999947e+00	2.317619000000000096e+00
-1.942609099999999867e+00	2.328924400000000006e+00
-1.943996900000000139e+00	2.340230000000000032e+00
-1.945308700000000002e+00	2.385451800000000233e+00
-1.946536000000000044e+00	2.362840799999999852e+00
-1.947794299999999978e+00	2.317619000000000096e+00
-1.949079200000000123e+00	2.340230000000000032e+00
-1.950294699999999937e+00	2.351535399999999942e+00
-1.951530500000000057e+00	2.362840799999999852e+00
-1.952896599999999871e+00	2.351535399999999942e+00
-1.954288100000000084e+00	2.317619000000000096e+00
-1.955628699999999887e+00	2.306313600000000186e+00
-1.956997900000000179e+00	2.340230000000000032e+00
-1.958339700000000017e+00	2.351535399999999942e+00
-1.959508400000000039e+00	2.328924400000000006e+00
-1.960673899999999970e+00	2.272397199999999895e+00
-1.962046600000000085e+00	2.272397199999999895e+00
-1.963423499999999766e+00	2.272397199999999895e+00
-1.964659500000000003e+00	2.283702599999999805e+00
-1.965989699999999729e+00	2.317619000000000096e+00
-1.967436900000000044e+00	2.295008200000000276e+00
-1.968720699999999990e+00	2.328924400000000006e+00
-1.969883000000000051e+00	2.306313600000000186e+00
-1.971200799999999864e+00	2.283702599999999805e+00
-1.972655099999999884e+00	2.328924400000000006e+00
-1.974014600000000064e+00	2.283702599999999805e+00
-1.975182399999999783e+00	2.340230000000000032e+00
-1.976309899999999953e+00	2.283702599999999805e+00
-1.977623899999999768e+00	2.238480700000000212e+00
-1.979099100000000000e+00	2.238480700000000212e+00
-1.980489500000000014e+00	2.295008200000000276e+00
-1.981751899999999900e+00	2.249786100000000122e+00
-1.983102300000000096e+00	2.283702599999999805e+00
-1.984521499999999827e+00	2.317619000000000096e+00
-1.985747999999999847e+00	2.272397199999999895e+00
-1.986871699999999796e+00	2.295008200000000276e+00
-1.988216599999999890e+00	2.261091799999999985e+00
-1.989750699999999872e+00	2.272397199999999895e+00
-1.991180199999999845e+00	2.272397199999999895e+00
-1.992399300000000206e+00	2.295008200000000276e+00
-1.993596900000000005e+00	2.272397199999999895e+00
-1.994963899999999901e+00	2.261091799999999985e+00
-1.996403899999999787e+00	2.261091799999999985e+00
-1.997723799999999938e+00	2.261091799999999985e+00
-1.998958899999999872e+00	2.272397199999999895e+00
-2.000245599999999957e+00	2.306313600000000186e+00
-2.001562499999999911e+00	2.204564299999999921e+00
-2.002807600000000132e+00	2.227175299999999858e+00
-2.003982199999999825e+00	2.295008200000000276e+00
-2.005200300000000269e+00	2.295008200000000276e+00
-2.006551799999999997e+00	2.317619000000000096e+00
-2.008010800000000096e+00	2.272397199999999895e+00
-2.009498799999999807e+00	2.215869899999999948e+00
-2.010912999999999951e+00	2.283702599999999805e+00
-2.012173099999999604e+00	2.249786100000000122e+00
-2.013339799999999791e+00	2.227175299999999858e+00
-2.014529600000000364e+00	2.295008200000000276e+00
-2.015776299999999743e+00	2.261091799999999985e+00
-2.017077100000000289e+00	2.261091799999999985e+00
-2.018388799999999872e+00	2.306313600000000186e+00
-2.019637600000000255e+00	2.238480700000000212e+00
-2.020914099999999713e+00	2.249786100000000122e+00
-2.022362699999999958e+00	2.272397199999999895e+00
-2.023841500000000071e+00	2.272397199999999895e+00
-2.025141800000000103e+00	2.283702599999999805e+00
-2.026344400000000157e+00	2.272397199999999895e+00
-2.027617499999999851e+00	2.261091799999999985e+00
-2.028953499999999632e+00	2.249786100000000122e+00
-2.030260500000000246e+00	2.295008200000000276e+00
-2.031529399999999708e+00	2.295008200000000276e+00
-2.032828199999999974e+00	2.272397199999999895e+00
-2.034188100000000166e+00	2.215869899999999948e+00
-2.035544400000000032e+00	2.181953500000000101e+00
-2.036825400000000119e+00	2.215869899999999948e+00
-2.038092999999999932e+00	2.238480700000000212e+00
-2.039448199999999822e+00	2.238480700000000212e+00
-2.040818799999999822e+00	2.238480700000000212e+00
-2.042057999999999929e+00	2.317619000000000096e+00
-2.043192600000000247e+00	2.295008200000000276e+00
-2.044396299999999833e+00	2.249786100000000122e+00
-2.045761000000000163e+00	2.295008200000000276e+00
-2.047234800000000021e+00	2.249786100000000122e+00
-2.048713000000000228e+00	2.295008200000000276e+00
-2.050073400000000046e+00	2.351535399999999942e+00
-2.051280500000000284e+00	2.374146200000000206e+00
-2.052479900000000246e+00	2.328924400000000006e+00
-2.053814999999999724e+00	2.306313600000000186e+00
-2.055220600000000175e+00	2.340230000000000032e+00
-2.056585999999999803e+00	2.340230000000000032e+00
-2.057907999999999848e+00	2.340230000000000032e+00
-2.059147199999999955e+00	2.328924400000000006e+00
-2.060322900000000068e+00	2.340230000000000032e+00
-2.061613499999999988e+00	2.351535399999999942e+00
-2.063079100000000388e+00	2.317619000000000096e+00
-2.064580899999999719e+00	2.351535399999999942e+00
-2.065938599999999958e+00	2.317619000000000096e+00
-2.067127099999999995e+00	2.362840799999999852e+00
-2.068371900000000263e+00	2.340230000000000032e+00
-2.069755699999999976e+00	2.385451800000000233e+00
-2.071063099999999935e+00	2.396757199999999699e+00
-2.072290000000000187e+00	2.362840799999999852e+00
-2.073633800000000083e+00	2.328924400000000006e+00
-2.075071299999999841e+00	2.408062600000000053e+00
-2.076490100000000005e+00	2.362840799999999852e+00
-2.077850500000000267e+00	2.374146200000000206e+00
-2.079108799999999757e+00	2.408062600000000053e+00
-2.080309999999999881e+00	2.328924400000000006e+00
-2.081598500000000129e+00	2.362840799999999852e+00
-2.082967099999999849e+00	2.374146200000000206e+00
-2.084270800000000090e+00	2.328924400000000006e+00
-2.085520499999999888e+00	2.340230000000000032e+00
-2.086845100000000119e+00	2.328924400000000006e+00
-2.088242099999999990e+00	2.317619000000000096e+00
-2.089620500000000103e+00	2.328924400000000006e+00
-2.090954500000000049e+00	2.351535399999999942e+00
-2.092238900000000346e+00	2.351535399999999942e+00
-2.093490599999999979e+00	2.328924400000000006e+00
-2.094820300000000302e+00	2.351535399999999942e+00
-2.096214999999999939e+00	2.306313600000000186e+00
-2.097488699999999984e+00	2.306313600000000186e+00
-2.098670199999999930e+00	2.340230000000000032e+00
-2.099976199999999960e+00	2.362840799999999852e+00
-2.101397500000000029e+00	2.374146200000000206e+00
-2.102752900000000036e+00	2.396757199999999699e+00
-2.104051600000000022e+00	2.362840799999999852e+00
-2.105445000000000011e+00	2.385451800000000233e+00
-2.106872700000000265e+00	2.351535399999999942e+00
-2.108176199999999945e+00	2.317619000000000096e+00
-2.109455899999999939e+00	2.295008200000000276e+00
-2.110858499999999971e+00	2.351535399999999942e+00
-2.112264399999999931e+00	2.340230000000000032e+00
-2.113504499999999897e+00	2.340230000000000032e+00
-2.114635400000000054e+00	2.340230000000000032e+00
-2.115830499999999947e+00	2.328924400000000006e+00
-2.117176299999999678e+00	2.351535399999999942e+00
-2.118645600000000240e+00	2.283702599999999805e+00
-2.120082200000000139e+00	2.328924400000000006e+00
-2.121306999999999832e+00	2.317619000000000096e+00
-2.122421599999999575e+00	2.328924400000000006e+00
-2.123704899999999895e+00	2.283702599999999805e+00
-2.125186299999999751e+00	2.328924400000000006e+00
-2.126696900000000223e+00	2.351535399999999942e+00
-2.128163699999999992e+00	2.317619000000000096e+00
